DATASET = co2020 case challenge part
NAME = vehicle days over tools over vehicles over distance with 500 requests over 25 days
DAY = 1
1 R 0 316 0
2 R 0 40 0
3 R 0 196 101 0
4 R 0 306 0
5 R 0 159 0
6 R 0 150 0
7 R 0 233 0
8 R 0 251 0
9 R 0 494 318 0
10 R 0 129 0
11 R 0 438 0
12 R 0 383 0
13 R 0 48 41 0
14 R 0 395 209 0
15 R 0 43 0
16 R 0 181 484 0
17 R 0 241 0
18 R 0 386 0
DAY = 2
1 R 0 247 227 0
2 R 0 70 0
3 R 0 52 483 0
4 R 0 486 53 0
5 R 0 131 0
6 R 0 111 336 0
7 R 0 226 0
8 R 0 392 84 0
9 R 0 169 167 0
10 R 0 309 0
11 R 0 128 197 482 478 0
12 R 0 102 0
13 R 0 449 321 217 0
14 R 0 -316 -196 0
15 R 0 -251 0
16 R 0 -318 0
17 R 0 -129 0
18 R 0 -438 0
19 R 0 -383 0
20 R 0 -48 -209 0
21 R 0 -484 0
DAY = 3
1 R 0 146 256 0
2 R 0 357 126 0
3 R 0 30 0
4 R 0 446 0
5 R 0 375 26 0
6 R 0 340 0
7 R 0 10 443 0
8 R 0 63 0
9 R 0 221 454 0
10 R 0 23 396 2 0
11 R 0 223 89 119 0
12 R 0 308 472 0
13 R 0 -70 0
14 R 0 -306 0
15 R 0 -159 0
16 R 0 -150 0
17 R 0 -395 -84 0
18 R 0 -43 0
19 R 0 -128 -478 0
20 R 0 -241 -449 0
21 R 0 -386 0
DAY = 4
1 R 0 29 0
2 R 0 172 0
3 R 0 130 369 0
4 R 0 4 90 0
5 R 0 419 54 0
6 R 0 7 451 0
7 R 0 125 0
8 R 0 85 224 0
9 R 0 371 24 0
10 R 0 32 0
11 R 0 -247 0
12 R 0 -40 0
13 R 0 -126 0
14 R 0 -30 0
15 R 0 -486 -52 -101 0
16 R 0 -131 0
17 R 0 -233 0
18 R 0 -340 0
19 R 0 -336 0
20 R 0 -226 0
21 R 0 -494 -443 0
22 R 0 -221 0
23 R 0 -41 0
24 R 0 -309 0
25 R 0 -23 -396 -2 0
26 R 0 -223 -89 -482 0
27 R 0 -181 -321 -472 0
DAY = 5
1 R 0 88 379 0
2 R 0 242 397 0
3 R 0 250 426 230 0
4 R 0 177 86 0
5 R 0 244 0
6 R 0 323 0
7 R 0 376 0
8 R 0 290 0
9 R 0 46 0
10 R 0 413 253 0
11 R 0 487 0
12 R 0 185 0
13 R 0 75 0
14 R 0 213 179 0
15 R 0 370 0
16 R 0 346 0
17 R 0 495 0
18 R 0 -256 -227 0
19 R 0 -146 -357 0
20 R 0 -483 0
21 R 0 -369 0
22 R 0 -4 0
23 R 0 -26 0
24 R 0 -375 -53 0
25 R 0 -167 -392 -111 0
26 R 0 -169 -54 0
27 R 0 -63 -454 0
28 R 0 -119 -371 -197 0
29 R 0 -102 0
30 R 0 -217 -308 0
DAY = 6
1 R 0 270 414 293 0
2 R 0 104 0
3 R 0 455 0
4 R 0 12 0
5 R 0 132 310 282 0
6 R 0 488 0
7 R 0 281 238 0
8 R 0 302 297 0
9 R 0 239 0
10 R 0 467 0
11 R 0 3 388 0
12 R 0 -242 -29 0
13 R 0 -230 -250 0
14 R 0 -446 -177 0
15 R 0 -244 0
16 R 0 -323 0
17 R 0 -10 0
18 R 0 -419 0
19 R 0 -46 0
20 R 0 -7 -451 0
21 R 0 -487 0
22 R 0 -75 0
23 R 0 -125 -24 0
DAY = 7
1 R 0 178 0
2 R 0 118 0
3 R 0 33 35 0
4 R 0 240 430 206 0
5 R 0 378 38 0
6 R 0 406 0
7 R 0 201 145 0
8 R 0 461 0
9 R 0 87 0
10 R 0 384 0
11 R 0 479 0
12 R 0 405 0
13 R 0 42 0
14 R 0 109 182 0
15 R 0 180 0
16 R 0 257 0
17 R 0 416 163 0
18 R 0 394 136 207 0
19 R 0 158 0
20 R 0 -397 0
21 R 0 -455 0
22 R 0 -172 0
23 R 0 -90 -282 -130 0
24 R 0 -488 0
25 R 0 -253 -297 0
26 R 0 -467 0
27 R 0 -213 -224 0
28 R 0 -85 0
29 R 0 -370 0
30 R 0 -32 0
DAY = 8
1 R 0 246 81 0
2 R 0 59 0
3 R 0 168 0
4 R 0 409 142 0
5 R 0 373 72 0
6 R 0 183 0
7 R 0 368 0
8 R 0 267 0
9 R 0 205 0
10 R 0 427 0
11 R 0 96 351 0
12 R 0 441 175 0
13 R 0 258 298 0
14 R 0 -178 -379 0
15 R 0 -88 0
16 R 0 -118 0
17 R 0 -414 -270 0
18 R 0 -104 -35 0
19 R 0 -426 0
20 R 0 -12 0
21 R 0 -376 -86 0
22 R 0 -201 -406 0
23 R 0 -132 0
24 R 0 -87 0
25 R 0 -479 0
26 R 0 -290 0
27 R 0 -413 -42 0
28 R 0 -109 0
29 R 0 -185 -388 0
30 R 0 -163 -179 -394 0
31 R 0 -346 0
32 R 0 -495 0
DAY = 9
1 R 0 208 0
2 R 0 466 255 0
3 R 0 203 432 0
4 R 0 108 459 337 0
5 R 0 415 0
6 R 0 18 0
7 R 0 157 21 0
8 R 0 480 360 0
9 R 0 453 485 475 0
10 R 0 447 496 237 0
11 R 0 469 0
12 R 0 154 400 0
13 R 0 76 436 0
14 R 0 -293 -430 0
15 R 0 -310 -38 0
16 R 0 -378 0
17 R 0 -373 -145 0
18 R 0 -461 -72 0
19 R 0 -281 -238 0
20 R 0 -302 0
21 R 0 -239 0
22 R 0 -3 -96 0
23 R 0 -207 -136 -416 0
24 R 0 -158 -175 0
DAY = 10
1 R 0 382 0
2 R 0 445 0
3 R 0 303 0
4 R 0 442 58 0
5 R 0 380 0
6 R 0 228 343 0
7 R 0 156 476 497 0
8 R 0 243 161 60 0
9 R 0 283 0
10 R 0 11 477 0
11 R 0 67 0
12 R 0 116 0
13 R 0 367 99 0
14 R 0 -33 -255 0
15 R 0 -337 -240 -206 -108 0
16 R 0 -18 0
17 R 0 -409 0
18 R 0 -157 -21 0
19 R 0 -496 -384 0
20 R 0 -405 0
21 R 0 -368 0
22 R 0 -267 0
23 R 0 -154 0
24 R 0 -427 0
25 R 0 -180 -182 0
26 R 0 -257 0
27 R 0 -298 -441 -351 0
28 R 0 -76 0
DAY = 11
1 R 0 339 73 34 0
2 R 0 215 423 0
3 R 0 464 269 0
4 R 0 372 166 0
5 R 0 493 0
6 R 0 300 0
7 R 0 407 0
8 R 0 444 14 0
9 R 0 335 0
10 R 0 287 0
11 R 0 28 0
12 R 0 393 22 0
13 R 0 363 190 0
14 R 0 252 212 0
15 R 0 352 355 0
16 R 0 421 0
17 R 0 359 0
18 R 0 219 307 0
19 R 0 -208 0
20 R 0 -382 0
21 R 0 -246 -466 0
22 R 0 -81 -303 0
23 R 0 -59 0
24 R 0 -168 0
25 R 0 -142 -360 0
26 R 0 -183 0
27 R 0 -283 0
28 R 0 -205 0
29 R 0 -258 -67 0
30 R 0 -116 0
DAY = 12
1 R 0 330 0
2 R 0 411 0
3 R 0 231 0
4 R 0 194 144 0
5 R 0 325 0
6 R 0 276 149 0
7 R 0 428 0
8 R 0 113 374 0
9 R 0 13 0
10 R 0 362 262 0
11 R 0 452 0
12 R 0 353 491 0
13 R 0 214 0
14 R 0 434 0
15 R 0 341 0
16 R 0 -34 -423 0
17 R 0 -432 0
18 R 0 -203 -58 0
19 R 0 -215 0
20 R 0 -442 -269 0
21 R 0 -228 0
22 R 0 -300 0
23 R 0 -459 0
24 R 0 -407 0
25 R 0 -480 -415 0
26 R 0 -156 -475 -485 0
27 R 0 -237 -161 -447 -453 0
28 R 0 -243 -352 0
29 R 0 -469 0
30 R 0 -477 -400 0
31 R 0 -359 0
32 R 0 -436 -99 0
33 R 0 -367 0
DAY = 13
1 R 0 80 83 0
2 R 0 268 410 0
3 R 0 265 0
4 R 0 490 0
5 R 0 499 0
6 R 0 189 0
7 R 0 403 500 0
8 R 0 74 474 0
9 R 0 278 0
10 R 0 280 0
11 R 0 1 0
12 R 0 173 77 0
13 R 0 390 5 0
14 R 0 234 0
15 R 0 49 263 0
16 R 0 489 317 0
17 R 0 138 0
18 R 0 -339 0
19 R 0 -445 0
20 R 0 -330 0
21 R 0 -231 0
22 R 0 -464 0
23 R 0 -380 0
24 R 0 -372 -144 0
25 R 0 -343 -493 0
26 R 0 -497 -14 0
27 R 0 -476 -276 0
28 R 0 -335 -149 0
29 R 0 -374 0
30 R 0 -363 -60 0
31 R 0 -252 -113 0
32 R 0 -262 0
33 R 0 -11 0
34 R 0 -421 -362 0
35 R 0 -307 0
36 R 0 -214 0
37 R 0 -434 0
DAY = 14
1 R 0 356 0
2 R 0 349 0
3 R 0 210 0
4 R 0 492 0
5 R 0 192 100 151 0
6 R 0 431 274 0
7 R 0 147 198 0
8 R 0 232 0
9 R 0 314 0
10 R 0 291 0
11 R 0 68 0
12 R 0 187 0
13 R 0 418 135 0
14 R 0 191 106 0
15 R 0 235 0
16 R 0 123 0
17 R 0 162 0
18 R 0 97 301 0
19 R 0 -73 -83 0
20 R 0 -80 0
21 R 0 -268 -166 0
22 R 0 -444 -194 0
23 R 0 -278 0
24 R 0 -287 0
25 R 0 -28 0
26 R 0 -393 -22 0
27 R 0 -212 -190 0
28 R 0 -355 -390 0
29 R 0 -234 0
30 R 0 -452 0
31 R 0 -49 -263 0
32 R 0 -317 -219 -489 0
DAY = 15
1 R 0 275 429 0
2 R 0 64 0
3 R 0 334 433 0
4 R 0 188 322 0
5 R 0 366 272 0
6 R 0 107 152 94 284 0
7 R 0 155 0
8 R 0 358 0
9 R 0 134 0
10 R 0 387 0
11 R 0 160 0
12 R 0 261 0
13 R 0 204 0
14 R 0 299 0
15 R 0 69 0
16 R 0 448 0
17 R 0 -100 0
18 R 0 -265 0
19 R 0 -411 0
20 R 0 -490 0
21 R 0 -325 0
22 R 0 -474 0
23 R 0 -198 0
24 R 0 -428 0
25 R 0 -1 0
26 R 0 -173 0
27 R 0 -314 0
28 R 0 -13 0
29 R 0 -106 0
30 R 0 -123 0
31 R 0 -162 -491 0
32 R 0 -341 -353 0
DAY = 16
1 R 0 45 186 0
2 R 0 425 0
3 R 0 417 0
4 R 0 92 0
5 R 0 36 481 0
6 R 0 498 105 0
7 R 0 114 0
8 R 0 404 112 0
9 R 0 439 0
10 R 0 259 277 0
11 R 0 324 0
12 R 0 285 0
13 R 0 266 0
14 R 0 51 295 0
15 R 0 470 326 391 0
16 R 0 -356 0
17 R 0 -410 -429 0
18 R 0 -499 0
19 R 0 -189 0
20 R 0 -403 -500 0
21 R 0 -74 -322 0
22 R 0 -188 -431 0
23 R 0 -107 -280 0
24 R 0 -77 0
25 R 0 -232 0
26 R 0 -291 0
27 R 0 -68 0
28 R 0 -387 -5 0
29 R 0 -135 -418 -191 0
30 R 0 -235 0
31 R 0 -204 0
32 R 0 -138 0
DAY = 17
1 R 0 6 0
2 R 0 288 311 0
3 R 0 17 0
4 R 0 37 0
5 R 0 304 148 0
6 R 0 377 0
7 R 0 468 0
8 R 0 50 0
9 R 0 143 0
10 R 0 8 171 0
11 R 0 153 184 0
12 R 0 95 0
13 R 0 15 117 0
14 R 0 176 124 199 0
15 R 0 62 193 0
16 R 0 -349 0
17 R 0 -210 0
18 R 0 -492 0
19 R 0 -192 -186 0
20 R 0 -275 -151 0
21 R 0 -92 0
22 R 0 -433 0
23 R 0 -105 0
24 R 0 -439 0
25 R 0 -152 -94 -277 -274 0
26 R 0 -147 -155 0
27 R 0 -259 0
28 R 0 -324 0
29 R 0 -134 0
30 R 0 -187 0
31 R 0 -285 0
32 R 0 -261 0
33 R 0 -97 -326 0
34 R 0 -448 -301 0
DAY = 18
1 R 0 365 133 0
2 R 0 422 292 0
3 R 0 327 0
4 R 0 27 0
5 R 0 435 331 456 364 0
6 R 0 315 465 0
7 R 0 120 0
8 R 0 271 0
9 R 0 225 460 0
10 R 0 195 0
11 R 0 66 200 0
12 R 0 122 0
13 R 0 289 25 0
14 R 0 79 127 0
15 R 0 139 420 0
16 R 0 381 424 0
17 R 0 93 0
18 R 0 -6 0
19 R 0 -64 0
20 R 0 -417 0
21 R 0 -37 0
22 R 0 -481 -498 -334 0
23 R 0 -366 -404 0
24 R 0 -272 -284 0
25 R 0 -468 0
26 R 0 -184 -358 0
27 R 0 -153 0
28 R 0 -95 0
29 R 0 -266 0
30 R 0 -15 -160 0
31 R 0 -199 0
32 R 0 -299 0
33 R 0 -295 -69 -391 0
DAY = 19
1 R 0 402 47 0
2 R 0 216 450 0
3 R 0 401 0
4 R 0 170 65 115 0
5 R 0 9 462 0
6 R 0 222 0
7 R 0 121 0
8 R 0 273 0
9 R 0 338 174 389 0
10 R 0 473 0
11 R 0 348 0
12 R 0 333 78 39 0
13 R 0 313 286 0
14 R 0 165 0
15 R 0 294 0
16 R 0 98 0
17 R 0 -288 -365 0
18 R 0 -45 -292 -422 0
19 R 0 -425 -364 -331 0
20 R 0 -36 0
21 R 0 -114 0
22 R 0 -315 0
23 R 0 -112 0
24 R 0 -148 0
25 R 0 -377 0
26 R 0 -50 0
27 R 0 -143 -8 0
28 R 0 -51 0
29 R 0 -289 -25 0
30 R 0 -139 -79 0
31 R 0 -193 0
32 R 0 -470 -424 0
DAY = 20
1 R 0 31 0
2 R 0 305 0
3 R 0 56 361 0
4 R 0 471 82 164 0
5 R 0 137 385 0
6 R 0 408 342 245 0
7 R 0 248 55 296 398 0
8 R 0 412 236 0
9 R 0 19 319 0
10 R 0 264 61 0
11 R 0 -402 -450 0
12 R 0 -115 -311 0
13 R 0 -17 0
14 R 0 -65 -170 0
15 R 0 -304 -222 0
16 R 0 -121 0
17 R 0 -465 0
18 R 0 -271 0
19 R 0 -174 -473 0
20 R 0 -39 -171 0
21 R 0 -200 0
22 R 0 -333 -117 0
23 R 0 -66 -313 -124 0
24 R 0 -420 -176 0
25 R 0 -62 -381 0
DAY = 21
1 R 0 110 329 0
2 R 0 347 220 44 0
3 R 0 57 350 0
4 R 0 437 399 0
5 R 0 211 0
6 R 0 457 0
7 R 0 249 312 0
8 R 0 440 328 0
9 R 0 254 0
10 R 0 463 0
11 R 0 218 320 458 354 0
12 R 0 -216 0
13 R 0 -305 0
14 R 0 -361 -133 0
15 R 0 -327 0
16 R 0 -9 0
17 R 0 -27 0
18 R 0 -435 -462 -456 0
19 R 0 -137 -385 0
20 R 0 -120 0
21 R 0 -273 0
22 R 0 -460 -245 -225 0
23 R 0 -389 -195 0
24 R 0 -319 -78 0
25 R 0 -122 0
26 R 0 -127 0
27 R 0 -294 0
28 R 0 -98 0
29 R 0 -93 0
DAY = 22
1 R 0 103 71 0
2 R 0 345 0
3 R 0 140 16 0
4 R 0 344 202 0
5 R 0 91 332 0
6 R 0 260 279 0
7 R 0 229 20 0
8 R 0 -47 0
9 R 0 -401 0
10 R 0 -44 -350 -56 0
11 R 0 -399 -408 -342 0
12 R 0 -55 -338 0
13 R 0 -348 0
14 R 0 -412 -249 0
15 R 0 -19 -440 0
16 R 0 -286 0
17 R 0 -463 0
18 R 0 -458 -165 0
DAY = 23
1 R 0 141 0
2 R 0 -110 -103 0
3 R 0 -31 0
4 R 0 -164 -471 0
5 R 0 -82 -16 0
6 R 0 -344 -57 0
7 R 0 -437 -202 0
8 R 0 -91 -332 0
9 R 0 -211 0
10 R 0 -457 0
11 R 0 -260 -296 -398 0
12 R 0 -248 -236 0
13 R 0 -61 -20 0
14 R 0 -264 -229 0
15 R 0 -218 0
DAY = 24
1 R 0 -71 -329 0
2 R 0 -345 -347 0
3 R 0 -140 -220 0
4 R 0 -279 -141 0
5 R 0 -312 0
6 R 0 -254 -328 -354 0
7 R 0 -320 0
