DATASET = co2020 case challenge part
NAME = vehicles over tools over vehicle days over distance with 100 requests over 10 days
DAY = 1
1 R 0 79 0
2 R 0 98 17 0
3 R 0 89 0
4 R 0 37 32 75 0
5 R 0 52 83 0
6 R 0 43 62 99 0
7 R 0 12 7 92 0
8 R 0 96 0
9 R 0 38 91 0
10 R 0 42 18 78 0
DAY = 2
1 R 0 8 33 0
2 R 0 16 73 0
3 R 0 15 23 71 0
4 R 0 10 0
5 R 0 2 0
6 R 0 86 6 28 0
7 R 0 90 0
8 R 0 -98 -43 -99 0
9 R 0 -38 0
10 R 0 -18 -42 0
DAY = 3
1 R 0 21 0
2 R 0 97 0
3 R 0 35 0
4 R 0 93 47 0
5 R 0 39 25 0
6 R 0 49 0
7 R 0 36 34 0
8 R 0 9 0
9 R 0 -32 -17 0
10 R 0 -8 -52 0
11 R 0 -83 -7 -16 0
12 R 0 -96 -15 -92 0
13 R 0 -10 0
14 R 0 -90 -28 -91 -86 0
DAY = 4
1 R 0 19 54 72 68 0
2 R 0 40 0
3 R 0 45 0
4 R 0 13 0
5 R 0 51 69 0
6 R 0 59 58 0
7 R 0 74 22 53 0
8 R 0 26 0
9 R 0 -79 0
10 R 0 -97 0
11 R 0 -89 0
12 R 0 -37 -47 -75 0
13 R 0 -36 -12 -62 0
14 R 0 -9 -78 0
DAY = 5
1 R 0 70 0
2 R 0 63 0
3 R 0 95 84 76 0
4 R 0 56 100 0
5 R 0 81 0
6 R 0 29 0
7 R 0 67 0
8 R 0 -33 -19 0
9 R 0 -35 0
10 R 0 -45 0
11 R 0 -73 0
12 R 0 -13 0
13 R 0 -51 -71 0
14 R 0 -58 0
15 R 0 -49 0
16 R 0 -23 0
17 R 0 -2 0
18 R 0 -6 0
DAY = 6
1 R 0 31 57 0
2 R 0 44 87 0
3 R 0 24 14 0
4 R 0 64 0
5 R 0 77 30 0
6 R 0 27 88 85 0
7 R 0 61 20 0
8 R 0 65 55 0
9 R 0 3 0
10 R 0 -21 0
11 R 0 -93 -84 -76 0
12 R 0 -39 -69 0
13 R 0 -25 -34 -100 -53 0
14 R 0 -29 0
15 R 0 -26 0
DAY = 7
1 R 0 11 50 94 0
2 R 0 46 41 0
3 R 0 5 60 82 1 0
4 R 0 48 66 0
5 R 0 4 0
6 R 0 -70 -54 -72 -68 0
7 R 0 -40 -31 0
8 R 0 -44 -30 -95 -85 0
9 R 0 -27 -20 -59 0
10 R 0 -22 -56 0
11 R 0 -74 0
12 R 0 -3 0
DAY = 8
1 R 0 80 0
2 R 0 -57 -50 -11 0
3 R 0 -63 0
4 R 0 -24 -41 0
5 R 0 -5 -82 -14 0
6 R 0 -61 0
7 R 0 -55 0
8 R 0 -81 -67 -48 0
DAY = 9
1 R 0 -94 0
2 R 0 -87 0
3 R 0 -64 0
4 R 0 -77 0
5 R 0 -1 -88 -65 0
6 R 0 -66 0
DAY = 10
1 R 0 -46 -80 0
2 R 0 -4 -60 0
