DATASET = co2020 case challenge part
NAME = vehicles over tools over vehicle days over distance with 200 requests over 15 days
DAY = 1
1 R 0 172 90 0
2 R 0 35 0
3 R 0 185 127 138 148 89 182 0
4 R 0 81 28 0
5 R 0 134 0
6 R 0 125 94 115 0
7 R 0 121 0
8 R 0 155 112 0
9 R 0 10 0
DAY = 2
1 R 0 179 194 7 21 0
2 R 0 128 59 75 0
3 R 0 193 0
4 R 0 47 188 79 38 3 0
5 R 0 101 54 168 15 0
6 R 0 11 63 0
7 R 0 181 0
8 R 0 -81 -182 -94 -125 0
DAY = 3
1 R 0 199 6 0
2 R 0 166 0
3 R 0 200 141 129 41 0
4 R 0 87 0
5 R 0 136 0
6 R 0 151 180 12 68 165 0
7 R 0 -172 -194 -138 -89 -128 0
8 R 0 -134 -185 0
9 R 0 -115 -54 0
10 R 0 -121 0
11 R 0 -155 -112 0
12 R 0 -10 0
DAY = 4
1 R 0 169 93 24 0
2 R 0 143 186 103 0
3 R 0 176 69 0
4 R 0 31 61 9 23 66 0
5 R 0 -21 -199 -7 -179 -90 0
6 R 0 -35 0
7 R 0 -148 0
8 R 0 -166 0
9 R 0 -127 -59 -3 -28 -79 -47 0
10 R 0 -38 -200 0
11 R 0 -136 0
12 R 0 -168 -180 -68 0
13 R 0 -11 -63 0
14 R 0 -181 0
DAY = 5
1 R 0 20 0
2 R 0 16 0
3 R 0 73 40 0
4 R 0 158 42 0
5 R 0 160 114 106 0
6 R 0 29 167 0
7 R 0 109 100 85 0
8 R 0 161 0
9 R 0 49 0
10 R 0 133 22 0
11 R 0 154 48 0
12 R 0 113 0
13 R 0 123 0
14 R 0 13 0
15 R 0 -169 -93 0
16 R 0 -75 -6 0
17 R 0 -143 0
18 R 0 -193 0
19 R 0 -15 -101 -12 -87 -188 0
20 R 0 -31 -61 0
DAY = 6
1 R 0 88 65 131 170 92 0
2 R 0 189 0
3 R 0 36 0
4 R 0 76 126 8 0
5 R 0 34 71 118 0
6 R 0 33 43 0
7 R 0 -160 -129 -41 -114 0
8 R 0 -141 -167 0
9 R 0 -165 -186 -103 -100 -151 -133 0
10 R 0 -154 -9 0
11 R 0 -113 0
12 R 0 -123 0
DAY = 7
1 R 0 152 18 70 0
2 R 0 2 67 46 0
3 R 0 195 37 0
4 R 0 45 0
5 R 0 83 142 0
6 R 0 77 64 146 14 0
7 R 0 -16 0
8 R 0 -73 -42 0
9 R 0 -24 -158 0
10 R 0 -189 0
11 R 0 -176 -69 0
12 R 0 -23 -71 -66 -8 0
13 R 0 -13 -33 -48 -22 0
DAY = 8
1 R 0 1 0
2 R 0 111 0
3 R 0 162 26 196 0
4 R 0 139 0
5 R 0 187 0
6 R 0 157 137 0
7 R 0 4 0
8 R 0 96 191 122 177 0
9 R 0 97 144 153 39 0
10 R 0 -170 -40 -20 0
11 R 0 -131 -2 0
12 R 0 -106 0
13 R 0 -45 0
14 R 0 -36 0
15 R 0 -14 -85 -126 -29 0
16 R 0 -161 -109 0
17 R 0 -49 0
18 R 0 -118 0
DAY = 9
1 R 0 192 30 159 0
2 R 0 117 95 0
3 R 0 78 156 27 0
4 R 0 102 99 25 175 56 0
5 R 0 107 171 164 0
6 R 0 147 178 104 52 5 0
7 R 0 120 0
8 R 0 72 0
9 R 0 -18 -92 0
10 R 0 -1 0
11 R 0 -46 -162 -65 -88 -137 -37 0
12 R 0 -195 -76 0
13 R 0 -64 -4 0
14 R 0 -34 -144 -43 -39 0
DAY = 10
1 R 0 80 84 19 0
2 R 0 74 108 135 163 184 174 0
3 R 0 130 17 62 197 0
4 R 0 44 58 0
5 R 0 183 0
6 R 0 -152 -78 -70 0
7 R 0 -102 -99 -67 -26 0
8 R 0 -157 -142 0
9 R 0 -83 -107 0
10 R 0 -77 -191 -146 -96 0
DAY = 11
1 R 0 53 0
2 R 0 150 145 60 51 0
3 R 0 116 50 0
4 R 0 -30 -192 0
5 R 0 -111 0
6 R 0 -80 -174 -117 -163 -196 0
7 R 0 -25 -139 0
8 R 0 -187 0
9 R 0 -171 -104 -175 -135 0
10 R 0 -177 -147 -122 0
11 R 0 -97 -197 -153 0
12 R 0 -52 -58 0
13 R 0 -72 0
DAY = 12
1 R 0 119 173 0
2 R 0 55 0
3 R 0 190 82 0
4 R 0 132 91 0
5 R 0 140 0
6 R 0 57 0
7 R 0 198 0
8 R 0 86 0
9 R 0 105 0
10 R 0 -84 -159 0
11 R 0 -95 -184 0
12 R 0 -53 0
13 R 0 -27 -60 -156 0
14 R 0 -51 -56 0
15 R 0 -164 -74 -17 -178 0
16 R 0 -5 -116 -44 0
17 R 0 -120 0
DAY = 13
1 R 0 149 110 0
2 R 0 98 124 0
3 R 0 32 0
4 R 0 -119 -19 0
5 R 0 -108 -190 -145 -82 0
6 R 0 -57 0
7 R 0 -198 -130 -62 0
8 R 0 -86 0
9 R 0 -183 -105 0
DAY = 14
1 R 0 -173 0
2 R 0 -55 0
3 R 0 -149 -110 0
4 R 0 -150 -124 -98 0
5 R 0 -132 -91 0
6 R 0 -50 -32 0
DAY = 15
1 R 0 -140 0
