DATASET = co2020 case challenge part
NAME = tools over distance over vehicle days over vehicles with 500 requests over 25 days
DAY = 1
1 R 0 287 0
2 R 0 90 78 0
3 R 0 308 0
4 R 0 108 21 0
5 R 0 488 140 292 53 402 0
6 R 0 323 0
7 R 0 240 0
8 R 0 17 0
9 R 0 130 0
10 R 0 472 0
11 R 0 30 69 0
12 R 0 347 377 166 0
13 R 0 47 0
14 R 0 86 119 0
15 R 0 412 105 0
DAY = 2
1 R 0 485 413 0
2 R 0 438 0
3 R 0 160 79 0
4 R 0 64 60 122 233 0
5 R 0 120 0
6 R 0 314 484 0
7 R 0 469 0
8 R 0 496 0
9 R 0 460 0
10 R 0 316 0
11 R 0 261 0
12 R 0 224 0
13 R 0 270 0
14 R 0 46 423 101 0
15 R 0 10 0
16 R 0 360 0
17 R 0 369 0
18 R 0 205 372 354 0
19 R 0 295 32 0
20 R 0 -308 0
21 R 0 -488 -323 0
22 R 0 -47 0
23 R 0 -119 0
24 R 0 -412 0
DAY = 3
1 R 0 262 0
2 R 0 409 0
3 R 0 27 138 0
4 R 0 57 280 0
5 R 0 315 0
6 R 0 41 0
7 R 0 357 0
8 R 0 141 11 297 148 0
9 R 0 71 0
10 R 0 381 0
11 R 0 439 0
12 R 0 349 0
13 R 0 361 132 0
14 R 0 12 183 0
15 R 0 92 473 0
16 R 0 248 0
17 R 0 131 417 54 0
18 R 0 -485 -79 0
19 R 0 -60 -64 -78 0
20 R 0 -21 -108 -233 0
21 R 0 -469 0
22 R 0 -261 0
23 R 0 -224 0
24 R 0 -130 0
25 R 0 -472 0
26 R 0 -354 0
27 R 0 -69 0
28 R 0 -166 0
DAY = 4
1 R 0 415 368 0
2 R 0 22 0
3 R 0 72 0
4 R 0 483 0
5 R 0 194 380 0
6 R 0 76 0
7 R 0 333 0
8 R 0 385 335 0
9 R 0 302 0
10 R 0 489 0
11 R 0 317 0
12 R 0 126 0
13 R 0 201 426 0
14 R 0 81 493 0
15 R 0 -287 0
16 R 0 -90 -413 0
17 R 0 -438 0
18 R 0 -27 -120 0
19 R 0 -484 -138 -140 0
20 R 0 -315 0
21 R 0 -316 0
22 R 0 -357 0
23 R 0 -402 -423 -292 -53 0
24 R 0 -240 0
25 R 0 -46 -101 -17 0
26 R 0 -71 0
27 R 0 -381 0
28 R 0 -439 0
29 R 0 -205 -132 -361 0
30 R 0 -30 -183 0
31 R 0 -347 -377 -86 -105 0
32 R 0 -417 0
DAY = 5
1 R 0 284 0
2 R 0 144 0
3 R 0 416 328 0
4 R 0 453 288 0
5 R 0 259 0
6 R 0 382 264 0
7 R 0 36 96 0
8 R 0 103 244 304 0
9 R 0 34 273 0
10 R 0 276 0
11 R 0 425 364 272 0
12 R 0 1 0
13 R 0 56 0
14 R 0 98 234 0
15 R 0 82 0
16 R 0 178 173 0
17 R 0 225 0
18 R 0 228 52 139 172 0
19 R 0 -160 -22 0
20 R 0 -122 0
21 R 0 -483 0
22 R 0 -194 -57 0
23 R 0 -280 -380 -314 0
24 R 0 -496 0
25 R 0 -460 0
26 R 0 -41 0
27 R 0 -270 0
28 R 0 -10 0
29 R 0 -360 0
30 R 0 -369 0
31 R 0 -92 -372 -12 0
32 R 0 -473 -295 0
33 R 0 -54 -131 -32 0
DAY = 6
1 R 0 59 24 0
2 R 0 136 459 8 0
3 R 0 162 450 0
4 R 0 286 0
5 R 0 389 0
6 R 0 449 0
7 R 0 246 0
8 R 0 128 0
9 R 0 358 51 113 0
10 R 0 285 116 0
11 R 0 179 457 0
12 R 0 95 100 0
13 R 0 154 0
14 R 0 466 206 0
15 R 0 167 0
16 R 0 331 337 0
17 R 0 -262 -416 0
18 R 0 -409 0
19 R 0 -328 0
20 R 0 -72 0
21 R 0 -259 0
22 R 0 -382 -36 0
23 R 0 -244 -304 -96 0
24 R 0 -103 -76 0
25 R 0 -333 0
26 R 0 -385 -1 -272 0
27 R 0 -141 -148 0
28 R 0 -489 0
29 R 0 -126 -11 -297 0
30 R 0 -349 0
31 R 0 -139 -173 -228 0
32 R 0 -248 0
DAY = 7
1 R 0 341 275 174 0
2 R 0 454 88 0
3 R 0 461 62 334 0
4 R 0 208 0
5 R 0 227 0
6 R 0 296 0
7 R 0 491 329 0
8 R 0 451 220 0
9 R 0 226 176 0
10 R 0 149 0
11 R 0 305 309 0
12 R 0 196 0
13 R 0 223 0
14 R 0 164 0
15 R 0 -415 0
16 R 0 -284 0
17 R 0 -368 0
18 R 0 -288 -264 0
19 R 0 -450 -273 0
20 R 0 -276 0
21 R 0 -425 -335 0
22 R 0 -113 -358 0
23 R 0 -302 0
24 R 0 -285 -116 0
25 R 0 -317 0
26 R 0 -98 -457 0
27 R 0 -201 0
28 R 0 -225 0
29 R 0 -52 -426 0
30 R 0 -81 0
31 R 0 -167 0
32 R 0 -493 0
DAY = 8
1 R 0 462 16 6 0
2 R 0 390 0
3 R 0 242 299 0
4 R 0 249 38 0
5 R 0 40 0
6 R 0 268 0
7 R 0 23 398 0
8 R 0 123 0
9 R 0 400 0
10 R 0 39 0
11 R 0 406 325 0
12 R 0 256 80 0
13 R 0 213 0
14 R 0 85 0
15 R 0 408 127 0
16 R 0 169 0
17 R 0 186 0
18 R 0 125 0
19 R 0 145 0
20 R 0 -341 -275 -174 0
21 R 0 -24 -454 0
22 R 0 -144 0
23 R 0 -136 -453 0
24 R 0 -162 0
25 R 0 -389 0
26 R 0 -227 0
27 R 0 -34 -364 0
28 R 0 -128 0
29 R 0 -451 -51 0
30 R 0 -56 0
31 R 0 -220 0
32 R 0 -234 0
33 R 0 -82 0
34 R 0 -95 -176 -178 0
35 R 0 -172 -466 0
36 R 0 -223 0
37 R 0 -337 0
DAY = 9
1 R 0 104 392 0
2 R 0 312 0
3 R 0 365 407 0
4 R 0 9 0
5 R 0 238 366 0
6 R 0 452 0
7 R 0 336 0
8 R 0 355 290 0
9 R 0 300 478 0
10 R 0 370 115 29 0
11 R 0 320 448 0
12 R 0 384 0
13 R 0 221 0
14 R 0 199 0
15 R 0 187 435 0
16 R 0 440 0
17 R 0 -59 -459 0
18 R 0 -334 -8 0
19 R 0 -249 -38 0
20 R 0 -461 -286 0
21 R 0 -208 0
22 R 0 -449 0
23 R 0 -296 0
24 R 0 -491 0
25 R 0 -246 0
26 R 0 -400 0
27 R 0 -329 0
28 R 0 -39 0
29 R 0 -213 0
30 R 0 -179 -85 0
31 R 0 -226 0
32 R 0 -169 0
33 R 0 -149 0
34 R 0 -100 -154 0
35 R 0 -309 -206 0
36 R 0 -331 0
DAY = 10
1 R 0 146 239 0
2 R 0 430 0
3 R 0 197 0
4 R 0 480 0
5 R 0 121 200 247 0
6 R 0 283 5 252 0
7 R 0 118 0
8 R 0 265 0
9 R 0 66 420 0
10 R 0 467 0
11 R 0 258 0
12 R 0 74 0
13 R 0 393 0
14 R 0 94 0
15 R 0 352 0
16 R 0 117 0
17 R 0 156 321 0
18 R 0 -407 0
19 R 0 -242 -366 0
20 R 0 -88 -40 0
21 R 0 -62 -268 0
22 R 0 -290 -398 0
23 R 0 -325 0
24 R 0 -256 -370 0
25 R 0 -127 -125 0
26 R 0 -145 0
27 R 0 -305 0
28 R 0 -196 0
29 R 0 -199 0
30 R 0 -164 0
DAY = 11
1 R 0 419 192 482 428 0
2 R 0 230 0
3 R 0 405 424 0
4 R 0 58 202 376 0
5 R 0 401 0
6 R 0 211 0
7 R 0 28 0
8 R 0 184 379 0
9 R 0 492 0
10 R 0 107 0
11 R 0 399 418 0
12 R 0 14 0
13 R 0 -365 -392 -6 0
14 R 0 -462 -16 -146 0
15 R 0 -390 0
16 R 0 -299 0
17 R 0 -355 -200 0
18 R 0 -480 0
19 R 0 -121 -23 0
20 R 0 -300 -478 0
21 R 0 -123 -283 -29 0
22 R 0 -118 -115 -406 0
23 R 0 -320 -80 0
24 R 0 -66 -408 0
25 R 0 -420 -448 0
26 R 0 -467 -384 0
27 R 0 -186 0
28 R 0 -221 0
29 R 0 -393 0
30 R 0 -117 0
31 R 0 -187 -435 0
32 R 0 -440 0
DAY = 12
1 R 0 155 0
2 R 0 143 0
3 R 0 209 0
4 R 0 198 0
5 R 0 387 0
6 R 0 163 269 0
7 R 0 20 114 0
8 R 0 403 0
9 R 0 241 0
10 R 0 37 313 0
11 R 0 195 0
12 R 0 350 455 436 0
13 R 0 207 109 222 0
14 R 0 -104 0
15 R 0 -312 0
16 R 0 -9 0
17 R 0 -239 -238 0
18 R 0 -230 0
19 R 0 -452 0
20 R 0 -424 0
21 R 0 -336 0
22 R 0 -197 0
23 R 0 -5 -252 0
24 R 0 -492 0
25 R 0 -258 0
26 R 0 -107 0
27 R 0 -352 0
28 R 0 -399 0
DAY = 13
1 R 0 310 351 0
2 R 0 203 0
3 R 0 159 0
4 R 0 50 0
5 R 0 260 0
6 R 0 147 44 0
7 R 0 210 0
8 R 0 91 0
9 R 0 33 0
10 R 0 431 0
11 R 0 193 0
12 R 0 135 236 0
13 R 0 274 0
14 R 0 330 0
15 R 0 55 0
16 R 0 311 294 204 0
17 R 0 343 0
18 R 0 318 157 0
19 R 0 -419 -482 0
20 R 0 -143 0
21 R 0 -430 -192 -405 0
22 R 0 -202 0
23 R 0 -387 0
24 R 0 -247 -269 0
25 R 0 -265 0
26 R 0 -37 -184 0
27 R 0 -350 -313 -379 0
28 R 0 -455 -74 0
29 R 0 -156 -94 -14 0
30 R 0 -207 -321 0
DAY = 14
1 R 0 93 267 500 0
2 R 0 437 0
3 R 0 374 0
4 R 0 189 0
5 R 0 474 142 0
6 R 0 4 0
7 R 0 410 0
8 R 0 498 0
9 R 0 153 0
10 R 0 446 0
11 R 0 386 486 0
12 R 0 -428 -376 -351 0
13 R 0 -163 0
14 R 0 -91 0
15 R 0 -58 -401 0
16 R 0 -33 -211 0
17 R 0 -431 0
18 R 0 -28 0
19 R 0 -114 -403 0
20 R 0 -241 0
21 R 0 -135 -236 0
22 R 0 -195 0
23 R 0 -436 0
24 R 0 -330 0
25 R 0 -55 0
26 R 0 -204 -418 0
27 R 0 -157 0
DAY = 15
1 R 0 175 0
2 R 0 129 0
3 R 0 65 106 0
4 R 0 48 0
5 R 0 307 0
6 R 0 191 0
7 R 0 257 0
8 R 0 251 0
9 R 0 110 0
10 R 0 353 0
11 R 0 89 414 0
12 R 0 253 0
13 R 0 434 212 0
14 R 0 31 362 421 0
15 R 0 359 0
16 R 0 404 0
17 R 0 266 391 35 0
18 R 0 490 0
19 R 0 346 0
20 R 0 388 0
21 R 0 -155 0
22 R 0 -93 -209 -500 0
23 R 0 -203 0
24 R 0 -260 0
25 R 0 -198 0
26 R 0 -44 -4 0
27 R 0 -20 0
28 R 0 -193 0
29 R 0 -410 0
30 R 0 -498 0
31 R 0 -222 0
32 R 0 -446 0
33 R 0 -109 -486 0
DAY = 16
1 R 0 497 0
2 R 0 447 0
3 R 0 61 396 363 231 0
4 R 0 75 464 0
5 R 0 232 0
6 R 0 411 0
7 R 0 306 0
8 R 0 499 0
9 R 0 441 0
10 R 0 470 0
11 R 0 229 0
12 R 0 463 185 475 0
13 R 0 -310 0
14 R 0 -159 0
15 R 0 -50 -189 0
16 R 0 -307 0
17 R 0 -147 -257 0
18 R 0 -210 -89 0
19 R 0 -414 0
20 R 0 -274 0
21 R 0 -359 0
22 R 0 -153 -266 -294 0
23 R 0 -35 -311 0
24 R 0 -346 0
25 R 0 -343 0
26 R 0 -318 0
DAY = 17
1 R 0 291 137 0
2 R 0 481 0
3 R 0 367 0
4 R 0 87 45 0
5 R 0 15 0
6 R 0 373 0
7 R 0 3 0
8 R 0 271 243 43 0
9 R 0 342 443 465 0
10 R 0 487 0
11 R 0 282 0
12 R 0 217 0
13 R 0 245 0
14 R 0 340 0
15 R 0 84 445 0
16 R 0 -447 0
17 R 0 -129 0
18 R 0 -65 -106 -267 0
19 R 0 -437 0
20 R 0 -374 0
21 R 0 -474 -231 -61 0
22 R 0 -191 -142 0
23 R 0 -110 0
24 R 0 -253 0
25 R 0 -391 -434 -386 0
26 R 0 -388 0
DAY = 18
1 R 0 152 301 0
2 R 0 293 216 0
3 R 0 188 0
4 R 0 168 0
5 R 0 348 0
6 R 0 383 0
7 R 0 332 0
8 R 0 250 281 0
9 R 0 97 433 0
10 R 0 356 0
11 R 0 442 319 237 422 0
12 R 0 215 0
13 R 0 458 0
14 R 0 102 180 0
15 R 0 327 0
16 R 0 -175 -497 0
17 R 0 -137 0
18 R 0 -363 -396 0
19 R 0 -48 0
20 R 0 -75 -251 0
21 R 0 -373 0
22 R 0 -3 0
23 R 0 -353 0
24 R 0 -212 0
25 R 0 -243 0
26 R 0 -306 0
27 R 0 -362 -421 -271 0
28 R 0 -31 -465 0
29 R 0 -404 0
30 R 0 -470 0
31 R 0 -487 0
32 R 0 -229 0
33 R 0 -463 -245 0
34 R 0 -490 0
35 R 0 -185 0
DAY = 19
1 R 0 150 235 0
2 R 0 151 0
3 R 0 13 0
4 R 0 326 277 0
5 R 0 378 479 170 0
6 R 0 298 0
7 R 0 177 0
8 R 0 63 0
9 R 0 468 99 165 0
10 R 0 171 0
11 R 0 25 289 0
12 R 0 263 0
13 R 0 397 0
14 R 0 444 0
15 R 0 190 254 0
16 R 0 181 344 0
17 R 0 471 0
18 R 0 161 77 49 0
19 R 0 219 432 0
20 R 0 456 0
21 R 0 218 0
22 R 0 -291 -216 0
23 R 0 -367 0
24 R 0 -188 0
25 R 0 -168 0
26 R 0 -348 -464 0
27 R 0 -383 0
28 R 0 -15 -87 -250 0
29 R 0 -356 0
30 R 0 -422 -232 0
31 R 0 -237 0
32 R 0 -411 0
33 R 0 -43 0
34 R 0 -499 0
35 R 0 -319 0
36 R 0 -458 0
37 R 0 -441 -102 0
38 R 0 -217 -475 0
39 R 0 -340 0
40 R 0 -445 0
DAY = 20
1 R 0 375 112 0
2 R 0 322 0
3 R 0 214 0
4 R 0 339 0
5 R 0 477 0
6 R 0 133 0
7 R 0 68 279 0
8 R 0 394 0
9 R 0 395 0
10 R 0 495 2 0
11 R 0 124 134 0
12 R 0 303 111 0
13 R 0 278 0
14 R 0 -152 -301 0
15 R 0 -481 0
16 R 0 -332 0
17 R 0 -326 -45 0
18 R 0 -298 0
19 R 0 -97 -433 0
20 R 0 -397 0
21 R 0 -444 0
22 R 0 -342 -215 0
23 R 0 -443 -180 0
24 R 0 -471 0
25 R 0 -282 0
26 R 0 -432 0
27 R 0 -84 -456 0
DAY = 21
1 R 0 429 0
2 R 0 70 0
3 R 0 26 427 0
4 R 0 371 476 19 0
5 R 0 42 83 0
6 R 0 338 0
7 R 0 345 0
8 R 0 7 158 182 0
9 R 0 73 255 0
10 R 0 -150 0
11 R 0 -13 0
12 R 0 -375 -322 0
13 R 0 -479 -277 -293 0
14 R 0 -177 -281 0
15 R 0 -63 0
16 R 0 -171 -468 -165 0
17 R 0 -2 0
18 R 0 -442 -344 0
19 R 0 -327 0
20 R 0 -134 0
21 R 0 -77 -303 -49 0
22 R 0 -161 0
23 R 0 -218 0
DAY = 22
1 R 0 18 0
2 R 0 67 0
3 R 0 324 0
4 R 0 -429 0
5 R 0 -235 -151 0
6 R 0 -112 0
7 R 0 -70 0
8 R 0 -26 0
9 R 0 -214 0
10 R 0 -378 -19 -170 0
11 R 0 -477 -99 0
12 R 0 -476 -371 0
13 R 0 -42 -25 0
14 R 0 -338 0
15 R 0 -289 0
16 R 0 -182 -190 -263 0
17 R 0 -254 0
18 R 0 -255 -158 -181 0
19 R 0 -111 -219 0
20 R 0 -278 0
DAY = 23
1 R 0 494 0
2 R 0 -427 0
3 R 0 -339 0
4 R 0 -18 0
5 R 0 -133 0
6 R 0 -67 0
7 R 0 -68 -279 0
8 R 0 -394 0
9 R 0 -395 0
10 R 0 -124 -7 -495 0
DAY = 24
1 R 0 -494 0
2 R 0 -324 -83 0
3 R 0 -345 0
4 R 0 -73 0
