DATASET = co2020 case challenge part
NAME = vehicle days over tools over vehicles over distance with 300 requests over 20 days
DAY = 1
1 R 0 141 0
2 R 0 187 0
3 R 0 83 0
4 R 0 251 0
5 R 0 117 0
6 R 0 230 104 0
7 R 0 174 0
8 R 0 183 76 0
9 R 0 283 69 0
10 R 0 86 0
11 R 0 52 0
12 R 0 59 0
13 R 0 47 79 0
14 R 0 153 0
DAY = 2
1 R 0 160 25 0
2 R 0 34 0
3 R 0 209 0
4 R 0 282 0
5 R 0 163 0
6 R 0 287 0
7 R 0 246 0
8 R 0 212 0
9 R 0 122 0
10 R 0 292 158 0
11 R 0 26 0
12 R 0 297 0
13 R 0 82 0
14 R 0 36 244 0
15 R 0 116 0
16 R 0 154 0
17 R 0 125 0
18 R 0 249 0
19 R 0 -141 0
20 R 0 -83 0
21 R 0 -104 0
22 R 0 -174 0
23 R 0 -183 -76 0
24 R 0 -86 0
DAY = 3
1 R 0 5 0
2 R 0 222 0
3 R 0 6 0
4 R 0 226 0
5 R 0 191 0
6 R 0 144 0
7 R 0 121 237 0
8 R 0 276 64 0
9 R 0 169 0
10 R 0 298 0
11 R 0 74 0
12 R 0 271 0
13 R 0 87 0
14 R 0 46 0
15 R 0 148 0
16 R 0 235 0
17 R 0 -160 0
18 R 0 -34 0
19 R 0 -163 0
20 R 0 -187 0
21 R 0 -251 0
22 R 0 -117 0
23 R 0 -230 -212 0
24 R 0 -158 0
25 R 0 -26 0
26 R 0 -69 0
27 R 0 -52 0
28 R 0 -82 0
29 R 0 -36 0
30 R 0 -116 0
31 R 0 -154 0
32 R 0 -125 0
33 R 0 -79 -153 0
DAY = 4
1 R 0 274 0
2 R 0 42 0
3 R 0 281 0
4 R 0 196 0
5 R 0 37 257 0
6 R 0 236 0
7 R 0 299 0
8 R 0 245 0
9 R 0 214 0
10 R 0 291 0
11 R 0 220 0
12 R 0 264 0
13 R 0 101 0
14 R 0 22 0
15 R 0 -222 0
16 R 0 -209 0
17 R 0 -282 -121 0
18 R 0 -169 0
19 R 0 -122 0
20 R 0 -283 0
21 R 0 -59 0
22 R 0 -47 0
23 R 0 -249 0
DAY = 5
1 R 0 51 0
2 R 0 167 0
3 R 0 72 0
4 R 0 294 0
5 R 0 229 0
6 R 0 138 0
7 R 0 189 0
8 R 0 110 0
9 R 0 90 0
10 R 0 65 0
11 R 0 2 216 0
12 R 0 157 0
13 R 0 95 0
14 R 0 221 0
15 R 0 16 0
16 R 0 173 0
17 R 0 19 133 0
18 R 0 15 0
19 R 0 208 0
20 R 0 253 0
21 R 0 108 0
22 R 0 -25 0
23 R 0 -42 0
24 R 0 -281 0
25 R 0 -144 0
26 R 0 -299 0
27 R 0 -287 0
28 R 0 -237 -276 0
29 R 0 -246 0
30 R 0 -64 -271 0
31 R 0 -214 0
32 R 0 -87 0
33 R 0 -292 -46 0
34 R 0 -297 -244 0
DAY = 6
1 R 0 165 0
2 R 0 279 0
3 R 0 210 21 0
4 R 0 134 0
5 R 0 61 0
6 R 0 293 0
7 R 0 195 0
8 R 0 199 0
9 R 0 139 0
10 R 0 18 0
11 R 0 123 4 0
12 R 0 66 0
13 R 0 233 0
14 R 0 27 0
15 R 0 33 0
16 R 0 193 0
17 R 0 -5 0
18 R 0 -274 0
19 R 0 -196 0
20 R 0 -6 0
21 R 0 -37 0
22 R 0 -226 0
23 R 0 -191 0
24 R 0 -138 0
25 R 0 -236 0
26 R 0 -189 0
27 R 0 -110 -216 0
28 R 0 -298 0
29 R 0 -74 0
30 R 0 -95 0
31 R 0 -291 0
32 R 0 -220 0
33 R 0 -264 0
34 R 0 -16 0
35 R 0 -173 0
36 R 0 -148 0
37 R 0 -133 0
38 R 0 -235 0
39 R 0 -15 0
40 R 0 -208 0
41 R 0 -22 0
DAY = 7
1 R 0 29 256 0
2 R 0 124 0
3 R 0 55 0
4 R 0 156 0
5 R 0 295 0
6 R 0 265 0
7 R 0 285 0
8 R 0 67 0
9 R 0 1 0
10 R 0 43 0
11 R 0 126 0
12 R 0 85 93 0
13 R 0 228 35 0
14 R 0 270 0
15 R 0 290 0
16 R 0 170 262 0
17 R 0 24 0
18 R 0 232 0
19 R 0 225 0
20 R 0 289 0
21 R 0 177 0
22 R 0 81 0
23 R 0 44 0
24 R 0 -51 0
25 R 0 -72 0
26 R 0 -134 0
27 R 0 -229 0
28 R 0 -257 -2 0
29 R 0 -139 0
30 R 0 -245 0
31 R 0 -221 0
32 R 0 -4 0
33 R 0 -66 0
34 R 0 -101 0
35 R 0 -33 0
36 R 0 -253 0
37 R 0 -108 0
DAY = 8
1 R 0 71 0
2 R 0 252 0
3 R 0 94 0
4 R 0 113 0
5 R 0 89 0
6 R 0 91 0
7 R 0 273 0
8 R 0 96 0
9 R 0 58 0
10 R 0 234 0
11 R 0 277 0
12 R 0 198 0
13 R 0 205 0
14 R 0 105 0
15 R 0 99 0
16 R 0 10 0
17 R 0 166 129 0
18 R 0 200 0
19 R 0 278 0
20 R 0 -167 0
21 R 0 -21 0
22 R 0 -295 0
23 R 0 -265 0
24 R 0 -61 0
25 R 0 -294 0
26 R 0 -67 0
27 R 0 -195 0
28 R 0 -43 0
29 R 0 -90 0
30 R 0 -65 0
31 R 0 -157 0
32 R 0 -18 0
33 R 0 -270 -170 0
34 R 0 -24 -19 0
35 R 0 -233 0
36 R 0 -44 0
37 R 0 -193 0
DAY = 9
1 R 0 254 0
2 R 0 288 0
3 R 0 14 0
4 R 0 17 0
5 R 0 268 0
6 R 0 171 0
7 R 0 180 40 0
8 R 0 56 0
9 R 0 68 0
10 R 0 103 0
11 R 0 38 0
12 R 0 54 0
13 R 0 258 0
14 R 0 184 0
15 R 0 204 0
16 R 0 -29 0
17 R 0 -252 0
18 R 0 -165 0
19 R 0 -256 -124 0
20 R 0 -279 0
21 R 0 -210 0
22 R 0 -55 0
23 R 0 -293 0
24 R 0 -91 -93 0
25 R 0 -199 0
26 R 0 -228 -123 0
27 R 0 -290 0
28 R 0 -232 0
29 R 0 -225 -27 0
30 R 0 -289 0
31 R 0 -81 0
DAY = 10
1 R 0 109 0
2 R 0 146 0
3 R 0 181 0
4 R 0 20 0
5 R 0 98 0
6 R 0 217 0
7 R 0 150 0
8 R 0 197 0
9 R 0 152 0
10 R 0 151 0
11 R 0 259 0
12 R 0 140 143 0
13 R 0 266 0
14 R 0 182 0
15 R 0 267 0
16 R 0 178 0
17 R 0 -71 0
18 R 0 -94 0
19 R 0 -113 0
20 R 0 -156 0
21 R 0 -285 0
22 R 0 -1 0
23 R 0 -126 0
24 R 0 -273 0
25 R 0 -96 0
26 R 0 -85 -35 0
27 R 0 -68 0
28 R 0 -198 -262 0
29 R 0 -105 0
30 R 0 -10 0
31 R 0 -38 0
32 R 0 -54 -166 0
33 R 0 -177 0
34 R 0 -204 0
35 R 0 -278 0
DAY = 11
1 R 0 261 0
2 R 0 78 0
3 R 0 11 0
4 R 0 112 0
5 R 0 240 0
6 R 0 63 0
7 R 0 263 73 0
8 R 0 12 0
9 R 0 190 0
10 R 0 45 0
11 R 0 248 0
12 R 0 155 0
13 R 0 147 0
14 R 0 136 275 0
15 R 0 128 0
16 R 0 164 0
17 R 0 250 0
18 R 0 111 0
19 R 0 -109 0
20 R 0 -146 0
21 R 0 -89 0
22 R 0 -268 0
23 R 0 -217 0
24 R 0 -58 0
25 R 0 -234 0
26 R 0 -277 0
27 R 0 -180 0
28 R 0 -56 0
29 R 0 -205 0
30 R 0 -99 0
31 R 0 -259 0
32 R 0 -143 0
33 R 0 -182 0
34 R 0 -258 0
35 R 0 -267 0
36 R 0 -129 -184 0
37 R 0 -200 0
38 R 0 -178 0
DAY = 12
1 R 0 284 0
2 R 0 23 0
3 R 0 57 0
4 R 0 300 247 0
5 R 0 62 0
6 R 0 280 0
7 R 0 127 0
8 R 0 201 0
9 R 0 7 0
10 R 0 88 0
11 R 0 175 0
12 R 0 97 0
13 R 0 115 0
14 R 0 215 0
15 R 0 192 0
16 R 0 -254 0
17 R 0 -78 0
18 R 0 -288 0
19 R 0 -14 0
20 R 0 -17 0
21 R 0 -171 0
22 R 0 -73 -12 0
23 R 0 -197 0
24 R 0 -40 0
25 R 0 -152 0
26 R 0 -140 -103 0
27 R 0 -136 0
DAY = 13
1 R 0 227 0
2 R 0 60 0
3 R 0 41 0
4 R 0 77 168 0
5 R 0 28 0
6 R 0 206 0
7 R 0 80 0
8 R 0 31 0
9 R 0 223 0
10 R 0 131 0
11 R 0 179 0
12 R 0 286 0
13 R 0 102 0
14 R 0 243 211 0
15 R 0 -284 0
16 R 0 -181 0
17 R 0 -20 0
18 R 0 -11 0
19 R 0 -57 0
20 R 0 -98 0
21 R 0 -300 -263 0
22 R 0 -150 0
23 R 0 -190 0
24 R 0 -280 0
25 R 0 -45 0
26 R 0 -201 0
27 R 0 -151 0
28 R 0 -248 0
29 R 0 -155 0
30 R 0 -266 0
31 R 0 -128 0
32 R 0 -250 0
33 R 0 -111 0
DAY = 14
1 R 0 53 0
2 R 0 107 0
3 R 0 84 0
4 R 0 176 0
5 R 0 3 0
6 R 0 185 0
7 R 0 172 0
8 R 0 213 0
9 R 0 162 0
10 R 0 188 0
11 R 0 118 0
12 R 0 207 0
13 R 0 272 0
14 R 0 114 0
15 R 0 161 0
16 R 0 30 0
17 R 0 -261 0
18 R 0 -227 0
19 R 0 -41 0
20 R 0 -77 -112 0
21 R 0 -28 0
22 R 0 -240 0
23 R 0 -63 0
24 R 0 -80 0
25 R 0 -62 0
26 R 0 -31 -127 0
27 R 0 -131 0
28 R 0 -147 0
29 R 0 -175 0
30 R 0 -275 0
31 R 0 -97 0
32 R 0 -164 0
33 R 0 -115 0
DAY = 15
1 R 0 255 0
2 R 0 145 0
3 R 0 92 0
4 R 0 241 296 0
5 R 0 39 0
6 R 0 218 0
7 R 0 231 0
8 R 0 49 0
9 R 0 239 100 0
10 R 0 149 0
11 R 0 142 0
12 R 0 -23 -168 0
13 R 0 -247 0
14 R 0 -206 0
15 R 0 -162 0
16 R 0 -7 0
17 R 0 -286 0
18 R 0 -88 0
19 R 0 -102 0
20 R 0 -30 0
21 R 0 -215 0
22 R 0 -211 0
23 R 0 -192 0
DAY = 16
1 R 0 70 32 0
2 R 0 50 0
3 R 0 202 0
4 R 0 106 0
5 R 0 269 0
6 R 0 48 0
7 R 0 186 0
8 R 0 242 0
9 R 0 130 0
10 R 0 224 0
11 R 0 75 0
12 R 0 -53 0
13 R 0 -107 0
14 R 0 -255 0
15 R 0 -60 0
16 R 0 -84 0
17 R 0 -3 0
18 R 0 -185 0
19 R 0 -49 0
20 R 0 -213 0
21 R 0 -239 0
22 R 0 -223 0
23 R 0 -179 0
24 R 0 -272 0
25 R 0 -100 -243 0
26 R 0 -114 0
27 R 0 -161 0
DAY = 17
1 R 0 203 0
2 R 0 119 0
3 R 0 9 0
4 R 0 260 0
5 R 0 159 0
6 R 0 219 0
7 R 0 13 0
8 R 0 8 0
9 R 0 132 0
10 R 0 135 0
11 R 0 -70 0
12 R 0 -145 0
13 R 0 -50 0
14 R 0 -176 0
15 R 0 -92 0
16 R 0 -241 -106 0
17 R 0 -296 0
18 R 0 -218 0
19 R 0 -172 -188 0
20 R 0 -118 0
21 R 0 -207 0
22 R 0 -186 0
23 R 0 -130 0
24 R 0 -142 0
DAY = 18
1 R 0 137 0
2 R 0 194 0
3 R 0 120 0
4 R 0 238 0
5 R 0 -119 0
6 R 0 -9 0
7 R 0 -260 0
8 R 0 -32 0
9 R 0 -202 0
10 R 0 -39 0
11 R 0 -231 0
12 R 0 -48 0
13 R 0 -224 -135 0
14 R 0 -149 0
15 R 0 -75 0
DAY = 19
1 R 0 -203 0
2 R 0 -137 0
3 R 0 -159 0
4 R 0 -219 0
5 R 0 -194 0
6 R 0 -13 0
7 R 0 -120 0
8 R 0 -269 0
9 R 0 -8 0
10 R 0 -238 0
11 R 0 -132 0
12 R 0 -242 0
