DATASET = co2020 case challenge part
NAME = tools over distance over vehicle days over vehicles with 300 requests over 20 days
DAY = 1
1 R 0 268 245 0
2 R 0 265 0
3 R 0 98 0
4 R 0 15 0
5 R 0 139 0
6 R 0 64 148 3 0
7 R 0 164 0
8 R 0 296 0
9 R 0 102 155 0
10 R 0 238 44 0
11 R 0 207 75 0
12 R 0 86 0
13 R 0 278 0
14 R 0 299 0
DAY = 2
1 R 0 45 0
2 R 0 29 0
3 R 0 229 177 0
4 R 0 215 0
5 R 0 243 0
6 R 0 142 138 0
7 R 0 10 199 0
8 R 0 54 262 0
9 R 0 136 264 53 0
10 R 0 116 258 0
11 R 0 129 292 211 0
12 R 0 255 97 0
13 R 0 -98 0
14 R 0 -139 0
15 R 0 -296 0
16 R 0 -155 0
17 R 0 -86 0
DAY = 3
1 R 0 132 78 0
2 R 0 130 188 0
3 R 0 145 0
4 R 0 124 0
5 R 0 25 0
6 R 0 250 0
7 R 0 21 234 186 0
8 R 0 6 0
9 R 0 8 0
10 R 0 141 0
11 R 0 -245 -142 -64 0
12 R 0 -10 -3 0
13 R 0 -278 -238 0
14 R 0 -299 -211 0
15 R 0 -129 0
DAY = 4
1 R 0 39 0
2 R 0 115 0
3 R 0 195 0
4 R 0 289 227 72 0
5 R 0 249 271 213 0
6 R 0 263 260 7 0
7 R 0 272 0
8 R 0 -268 0
9 R 0 -229 0
10 R 0 -78 0
11 R 0 -265 0
12 R 0 -15 -132 0
13 R 0 -164 -148 0
14 R 0 -102 -44 0
15 R 0 -234 -75 -136 0
16 R 0 -53 -264 -207 0
17 R 0 -255 -97 0
DAY = 5
1 R 0 176 77 277 0
2 R 0 144 0
3 R 0 104 0
4 R 0 161 0
5 R 0 24 0
6 R 0 218 0
7 R 0 12 28 47 0
8 R 0 162 121 0
9 R 0 111 62 0
10 R 0 275 68 283 0
11 R 0 -45 0
12 R 0 -39 0
13 R 0 -29 0
14 R 0 -115 0
15 R 0 -195 -177 0
16 R 0 -215 0
17 R 0 -243 0
18 R 0 -138 0
19 R 0 -271 -199 0
20 R 0 -250 0
21 R 0 -21 -7 0
22 R 0 -54 -262 0
23 R 0 -6 0
24 R 0 -8 0
25 R 0 -292 -116 -258 0
26 R 0 -141 0
DAY = 6
1 R 0 43 37 79 210 0
2 R 0 298 0
3 R 0 242 0
4 R 0 76 4 0
5 R 0 198 0
6 R 0 32 187 0
7 R 0 259 0
8 R 0 92 0
9 R 0 109 0
10 R 0 202 0
11 R 0 14 200 0
12 R 0 101 118 165 0
13 R 0 105 0
14 R 0 -176 -144 0
15 R 0 -24 -130 0
16 R 0 -188 0
17 R 0 -145 0
18 R 0 -289 -124 -12 0
19 R 0 -186 -25 0
20 R 0 -213 0
DAY = 7
1 R 0 40 0
2 R 0 120 0
3 R 0 225 113 0
4 R 0 22 0
5 R 0 173 0
6 R 0 134 0
7 R 0 112 240 0
8 R 0 154 254 270 0
9 R 0 294 169 0
10 R 0 110 0
11 R 0 -77 -104 0
12 R 0 -72 -227 0
13 R 0 -76 -249 -47 -187 0
14 R 0 -275 -260 -263 0
15 R 0 -118 -272 0
16 R 0 -283 0
DAY = 8
1 R 0 20 0
2 R 0 246 0
3 R 0 244 0
4 R 0 248 16 0
5 R 0 180 203 300 0
6 R 0 135 201 0
7 R 0 160 125 0
8 R 0 269 0
9 R 0 -43 -277 -79 0
10 R 0 -298 0
11 R 0 -161 -242 0
12 R 0 -218 0
13 R 0 -40 -28 0
14 R 0 -4 0
15 R 0 -173 0
16 R 0 -198 0
17 R 0 -121 -32 -259 0
18 R 0 -162 0
19 R 0 -62 0
20 R 0 -202 -111 0
21 R 0 -101 -165 -270 0
22 R 0 -68 0
DAY = 9
1 R 0 273 172 119 0
2 R 0 219 0
3 R 0 48 166 0
4 R 0 290 70 0
5 R 0 114 0
6 R 0 5 0
7 R 0 256 209 0
8 R 0 251 0
9 R 0 267 0
10 R 0 237 0
11 R 0 151 284 257 0
12 R 0 27 183 0
13 R 0 252 49 0
14 R 0 -210 -20 0
15 R 0 -37 -16 -120 0
16 R 0 -180 -225 -22 0
17 R 0 -92 -125 0
18 R 0 -109 0
19 R 0 -14 -200 0
20 R 0 -269 0
21 R 0 -105 0
22 R 0 -110 0
DAY = 10
1 R 0 31 88 0
2 R 0 167 81 233 0
3 R 0 196 96 0
4 R 0 38 152 0
5 R 0 61 163 13 0
6 R 0 276 66 0
7 R 0 108 59 236 0
8 R 0 232 0
9 R 0 274 192 0
10 R 0 -246 -273 0
11 R 0 -166 0
12 R 0 -113 0
13 R 0 -290 -70 0
14 R 0 -203 0
15 R 0 -134 -300 0
16 R 0 -135 -201 0
17 R 0 -112 -240 0
18 R 0 -251 -254 0
19 R 0 -160 -154 0
20 R 0 -151 -294 -169 0
DAY = 11
1 R 0 214 0
2 R 0 26 0
3 R 0 131 0
4 R 0 90 0
5 R 0 123 117 0
6 R 0 184 35 57 0
7 R 0 222 0
8 R 0 83 42 0
9 R 0 230 0
10 R 0 204 0
11 R 0 2 0
12 R 0 295 0
13 R 0 -244 0
14 R 0 -172 0
15 R 0 -219 0
16 R 0 -248 0
17 R 0 -196 -96 0
18 R 0 -209 -61 -38 0
19 R 0 -267 0
20 R 0 -284 -59 0
21 R 0 -236 -274 0
DAY = 12
1 R 0 67 103 17 0
2 R 0 253 99 0
3 R 0 224 85 0
4 R 0 30 0
5 R 0 60 0
6 R 0 1 80 0
7 R 0 133 178 0
8 R 0 93 212 0
9 R 0 -31 0
10 R 0 -119 -81 0
11 R 0 -131 -48 -117 0
12 R 0 -114 -184 0
13 R 0 -5 0
14 R 0 -222 0
15 R 0 -42 0
16 R 0 -256 -276 -83 0
17 R 0 -204 0
18 R 0 -237 -66 0
19 R 0 -108 -27 -183 -257 0
20 R 0 -232 0
21 R 0 -192 0
22 R 0 -252 -49 0
DAY = 13
1 R 0 197 0
2 R 0 297 91 18 0
3 R 0 157 185 0
4 R 0 153 56 0
5 R 0 223 0
6 R 0 143 52 0
7 R 0 74 73 0
8 R 0 179 0
9 R 0 69 0
10 R 0 189 171 84 206 0
11 R 0 137 0
12 R 0 231 0
13 R 0 11 46 140 0
14 R 0 -67 -88 0
15 R 0 -253 -26 0
16 R 0 -99 -167 -233 0
17 R 0 -90 0
18 R 0 -123 0
19 R 0 -152 -35 0
20 R 0 -13 -163 0
21 R 0 -80 -178 -212 0
DAY = 14
1 R 0 266 36 0
2 R 0 71 235 0
3 R 0 181 220 0
4 R 0 205 0
5 R 0 194 65 0
6 R 0 182 217 0
7 R 0 282 106 0
8 R 0 34 0
9 R 0 23 0
10 R 0 63 286 0
11 R 0 -214 0
12 R 0 -197 -297 0
13 R 0 -57 -85 0
14 R 0 -60 0
15 R 0 -230 -179 -206 0
16 R 0 -2 -84 -11 0
17 R 0 -295 0
DAY = 15
1 R 0 126 147 0
2 R 0 122 279 19 0
3 R 0 216 87 55 0
4 R 0 146 287 0
5 R 0 226 149 41 0
6 R 0 228 50 0
7 R 0 -18 -103 -17 0
8 R 0 -157 -91 0
9 R 0 -235 0
10 R 0 -224 0
11 R 0 -153 -56 0
12 R 0 -181 -30 0
13 R 0 -52 0
14 R 0 -205 0
15 R 0 -194 0
16 R 0 -1 0
17 R 0 -133 0
18 R 0 -171 -189 0
19 R 0 -137 0
20 R 0 -231 0
21 R 0 -93 0
22 R 0 -46 -140 0
23 R 0 -63 -23 0
DAY = 16
1 R 0 127 9 107 0
2 R 0 293 0
3 R 0 285 0
4 R 0 190 0
5 R 0 158 100 0
6 R 0 95 128 0
7 R 0 221 0
8 R 0 33 0
9 R 0 174 0
10 R 0 168 239 0
11 R 0 82 0
12 R 0 291 0
13 R 0 -147 0
14 R 0 -71 -36 0
15 R 0 -185 -220 0
16 R 0 -223 0
17 R 0 -55 -143 0
18 R 0 -74 -216 0
19 R 0 -73 -146 0
20 R 0 -69 -217 0
21 R 0 -282 -106 0
22 R 0 -34 0
DAY = 17
1 R 0 159 208 0
2 R 0 288 0
3 R 0 281 0
4 R 0 193 175 0
5 R 0 170 0
6 R 0 247 0
7 R 0 280 191 0
8 R 0 241 261 0
9 R 0 156 0
10 R 0 94 0
11 R 0 -266 -107 -126 0
12 R 0 -285 0
13 R 0 -190 0
14 R 0 -122 -87 0
15 R 0 -158 0
16 R 0 -287 -33 0
17 R 0 -149 -65 -239 0
18 R 0 -168 -182 0
19 R 0 -286 0
20 R 0 -228 -50 0
21 R 0 -291 0
DAY = 18
1 R 0 150 51 0
2 R 0 89 0
3 R 0 58 0
4 R 0 -279 -281 0
5 R 0 -9 -100 -19 0
6 R 0 -95 -128 0
7 R 0 -280 -191 0
8 R 0 -241 -261 0
9 R 0 -41 -226 0
10 R 0 -94 0
DAY = 19
1 R 0 -127 -150 0
2 R 0 -293 0
3 R 0 -193 0
4 R 0 -221 0
5 R 0 -247 0
6 R 0 -174 0
7 R 0 -51 0
8 R 0 -89 0
9 R 0 -58 0
10 R 0 -82 0
11 R 0 -156 0
DAY = 20
1 R 0 -159 -208 0
2 R 0 -288 -175 0
3 R 0 -170 0
