DATASET = co2020 case challenge part
NAME = tools over distance over vehicle days over vehicles with 100 requests over 10 days
DAY = 1
1 R 0 66 2 0
2 R 0 36 0
3 R 0 72 0
4 R 0 80 81 0
5 R 0 12 93 0
6 R 0 15 6 27 0
DAY = 2
1 R 0 22 55 0
2 R 0 86 40 0
3 R 0 89 0
4 R 0 25 73 0
5 R 0 35 7 0
6 R 0 78 75 0
7 R 0 91 92 0
8 R 0 37 5 1 0
9 R 0 10 0
10 R 0 71 0
11 R 0 -66 0
DAY = 3
1 R 0 17 24 48 0
2 R 0 4 45 94 0
3 R 0 34 32 54 0
4 R 0 11 23 0
5 R 0 100 0
6 R 0 42 76 16 0
7 R 0 58 38 0
8 R 0 63 95 0
9 R 0 -2 -36 0
10 R 0 -72 0
11 R 0 -91 -10 0
12 R 0 -15 0
DAY = 4
1 R 0 52 79 0
2 R 0 49 8 30 0
3 R 0 74 0
4 R 0 65 68 0
5 R 0 18 96 46 0
6 R 0 39 14 0
7 R 0 62 0
8 R 0 -40 -24 -22 0
9 R 0 -89 0
10 R 0 -25 -73 0
11 R 0 -32 -80 0
12 R 0 -12 -81 -93 0
13 R 0 -78 0
14 R 0 -23 0
15 R 0 -27 -6 0
16 R 0 -42 -95 0
DAY = 5
1 R 0 41 85 0
2 R 0 99 29 59 0
3 R 0 98 53 0
4 R 0 64 0
5 R 0 83 0
6 R 0 82 88 0
7 R 0 31 67 0
8 R 0 84 69 0
9 R 0 -17 -48 0
10 R 0 -55 -86 0
11 R 0 -35 -7 0
12 R 0 -75 -100 0
13 R 0 -1 -37 -92 0
14 R 0 -5 -76 0
15 R 0 -38 0
16 R 0 -14 0
17 R 0 -71 0
DAY = 6
1 R 0 9 33 0
2 R 0 61 28 0
3 R 0 26 47 0
4 R 0 57 43 0
5 R 0 97 60 0
6 R 0 56 90 0
7 R 0 13 0
8 R 0 50 44 0
9 R 0 -4 -94 -45 -30 0
10 R 0 -34 -54 -68 0
11 R 0 -16 -88 -11 0
12 R 0 -58 -63 0
13 R 0 -96 0
DAY = 7
1 R 0 3 0
2 R 0 19 51 87 0
3 R 0 20 0
4 R 0 21 0
5 R 0 -52 -79 0
6 R 0 -8 -9 0
7 R 0 -49 -74 0
8 R 0 -28 0
9 R 0 -26 0
10 R 0 -65 0
11 R 0 -53 -57 0
12 R 0 -64 -43 0
13 R 0 -18 -56 0
14 R 0 -67 0
15 R 0 -62 -39 -46 0
DAY = 8
1 R 0 77 70 0
2 R 0 -3 0
3 R 0 -41 -51 -33 0
4 R 0 -61 -85 0
5 R 0 -20 -59 0
6 R 0 -29 -47 0
7 R 0 -99 -98 0
8 R 0 -97 -60 0
9 R 0 -83 0
10 R 0 -82 -31 0
11 R 0 -90 -84 0
12 R 0 -69 -50 0
13 R 0 -44 0
DAY = 9
1 R 0 -19 -70 0
2 R 0 -21 -13 0
DAY = 10
1 R 0 -87 0
2 R 0 -77 0
