DATASET = co2020 case challenge part
NAME = tools over vehicle days over vehicles over distance with 300 requests over 20 days
DAY = 1
1 R 0 22 0
2 R 0 72 0
3 R 0 34 0
4 R 0 38 0
5 R 0 109 93 0
6 R 0 279 208 0
7 R 0 31 0
8 R 0 126 228 207 25 0
9 R 0 209 24 113 0
10 R 0 296 0
11 R 0 216 0
12 R 0 238 0
13 R 0 210 70 150 0
14 R 0 89 0
15 R 0 106 155 0
DAY = 2
1 R 0 41 229 0
2 R 0 129 6 0
3 R 0 281 217 50 0
4 R 0 130 0
5 R 0 92 149 157 0
6 R 0 205 136 132 0
7 R 0 16 21 294 0
8 R 0 178 0
9 R 0 -72 0
10 R 0 -34 0
11 R 0 -38 0
12 R 0 -209 -113 -207 0
13 R 0 -210 -70 0
DAY = 3
1 R 0 218 0
2 R 0 272 55 0
3 R 0 287 174 32 0
4 R 0 54 104 212 0
5 R 0 75 154 0
6 R 0 255 98 0
7 R 0 185 0
8 R 0 264 0
9 R 0 179 0
10 R 0 246 153 0
11 R 0 133 274 254 0
12 R 0 213 0
13 R 0 -109 -41 0
14 R 0 -31 -281 0
15 R 0 -126 -228 -149 -24 -132 0
16 R 0 -296 0
17 R 0 -155 -16 0
DAY = 4
1 R 0 187 0
2 R 0 278 0
3 R 0 114 0
4 R 0 151 0
5 R 0 53 0
6 R 0 202 76 262 0
7 R 0 135 0
8 R 0 280 269 111 120 0
9 R 0 -229 0
10 R 0 -22 0
11 R 0 -218 0
12 R 0 -32 -93 0
13 R 0 -279 0
14 R 0 -208 -6 0
15 R 0 -217 -25 -104 0
16 R 0 -205 -98 -255 0
17 R 0 -153 -21 0
18 R 0 -216 0
19 R 0 -238 0
20 R 0 -150 0
21 R 0 -89 0
22 R 0 -106 0
DAY = 5
1 R 0 15 276 0
2 R 0 253 0
3 R 0 107 128 0
4 R 0 19 51 18 0
5 R 0 84 13 0
6 R 0 165 0
7 R 0 260 144 40 0
8 R 0 292 88 0
9 R 0 275 102 66 0
10 R 0 -55 -278 0
11 R 0 -262 -154 0
12 R 0 -129 -50 -76 0
13 R 0 -135 0
14 R 0 -130 0
15 R 0 -92 -136 -157 0
16 R 0 -274 -294 -179 0
17 R 0 -178 0
DAY = 6
1 R 0 286 180 0
2 R 0 8 196 77 0
3 R 0 224 39 0
4 R 0 220 295 0
5 R 0 161 62 277 0
6 R 0 96 0
7 R 0 201 0
8 R 0 239 2 206 0
9 R 0 193 0
10 R 0 134 233 0
11 R 0 192 0
12 R 0 -272 -187 0
13 R 0 -174 -287 0
14 R 0 -253 0
15 R 0 -54 -212 -128 0
16 R 0 -84 -18 -75 0
17 R 0 -269 -280 0
18 R 0 -292 0
19 R 0 -185 0
20 R 0 -264 0
21 R 0 -246 0
22 R 0 -133 -111 -254 0
23 R 0 -213 0
DAY = 7
1 R 0 230 20 0
2 R 0 227 29 0
3 R 0 26 0
4 R 0 28 121 0
5 R 0 5 0
6 R 0 85 198 298 0
7 R 0 160 27 67 225 0
8 R 0 164 52 0
9 R 0 300 0
10 R 0 271 0
11 R 0 117 0
12 R 0 -15 0
13 R 0 -180 0
14 R 0 -114 0
15 R 0 -151 0
16 R 0 -53 -8 -202 0
17 R 0 -13 0
18 R 0 -165 0
19 R 0 -40 -161 -239 -260 0
20 R 0 -120 -193 -2 0
DAY = 8
1 R 0 263 241 203 124 0
2 R 0 68 78 159 0
3 R 0 112 97 0
4 R 0 118 0
5 R 0 143 284 0
6 R 0 73 0
7 R 0 146 0
8 R 0 235 10 11 0
9 R 0 248 0
10 R 0 116 56 251 0
11 R 0 -107 -276 0
12 R 0 -51 0
13 R 0 -26 0
14 R 0 -224 -19 0
15 R 0 -295 -67 -277 -144 0
16 R 0 -201 0
17 R 0 -164 0
18 R 0 -233 -88 -134 0
19 R 0 -117 -66 0
20 R 0 -102 -275 0
DAY = 9
1 R 0 47 0
2 R 0 9 285 194 0
3 R 0 172 0
4 R 0 247 0
5 R 0 232 0
6 R 0 48 23 191 0
7 R 0 103 214 0
8 R 0 188 156 169 163 0
9 R 0 221 0
10 R 0 -68 -286 -124 0
11 R 0 -97 -77 -196 0
12 R 0 -39 -298 0
13 R 0 -85 -198 -73 0
14 R 0 -220 -225 0
15 R 0 -62 -27 0
16 R 0 -96 0
17 R 0 -206 -52 -160 -11 0
18 R 0 -300 0
19 R 0 -271 -192 0
20 R 0 -251 0
DAY = 10
1 R 0 33 0
2 R 0 243 123 290 0
3 R 0 167 190 0
4 R 0 226 35 0
5 R 0 204 0
6 R 0 168 63 0
7 R 0 81 0
8 R 0 46 83 0
9 R 0 223 142 91 299 0
10 R 0 65 166 0
11 R 0 291 0
12 R 0 -203 -20 -230 0
13 R 0 -227 -194 0
14 R 0 -112 0
15 R 0 -118 -29 0
16 R 0 -28 -121 0
17 R 0 -191 -143 0
18 R 0 -5 0
19 R 0 -146 0
20 R 0 -10 -169 0
21 R 0 -248 0
DAY = 11
1 R 0 95 49 173 44 0
2 R 0 211 240 0
3 R 0 17 189 184 0
4 R 0 186 0
5 R 0 58 162 0
6 R 0 69 127 0
7 R 0 195 0
8 R 0 270 0
9 R 0 145 99 0
10 R 0 119 0
11 R 0 -47 -241 0
12 R 0 -263 -9 -290 -285 0
13 R 0 -78 -159 -172 0
14 R 0 -232 0
15 R 0 -48 -23 -226 0
16 R 0 -204 0
17 R 0 -284 -235 0
18 R 0 -214 -223 -156 0
19 R 0 -221 -65 -56 0
20 R 0 -116 0
DAY = 12
1 R 0 236 244 0
2 R 0 177 176 245 199 0
3 R 0 101 152 139 0
4 R 0 74 30 0
5 R 0 7 0
6 R 0 140 0
7 R 0 36 289 0
8 R 0 171 141 0
9 R 0 57 90 237 0
10 R 0 4 0
11 R 0 -95 -49 -211 0
12 R 0 -167 0
13 R 0 -247 0
14 R 0 -190 0
15 R 0 -35 -103 0
16 R 0 -188 -163 -46 0
17 R 0 -127 0
18 R 0 -270 0
19 R 0 -119 0
DAY = 13
1 R 0 231 249 60 14 0
2 R 0 250 266 138 0
3 R 0 158 297 0
4 R 0 61 125 258 0
5 R 0 43 0
6 R 0 -33 0
7 R 0 -244 -44 0
8 R 0 -243 -173 -236 0
9 R 0 -123 -101 0
10 R 0 -74 0
11 R 0 -30 -17 -168 0
12 R 0 -63 0
13 R 0 -81 0
14 R 0 -299 -91 -142 -83 0
15 R 0 -90 -166 0
16 R 0 -291 0
DAY = 14
1 R 0 259 45 197 0
2 R 0 200 273 0
3 R 0 79 215 0
4 R 0 147 131 288 0
5 R 0 108 80 219 170 0
6 R 0 234 182 0
7 R 0 -231 -176 -245 -60 0
8 R 0 -240 -199 -184 -138 0
9 R 0 -189 -250 0
10 R 0 -186 0
11 R 0 -58 -162 0
12 R 0 -289 -57 -69 0
13 R 0 -195 -99 -145 0
14 R 0 -237 -4 0
DAY = 15
1 R 0 283 0
2 R 0 59 0
3 R 0 261 242 0
4 R 0 105 0
5 R 0 282 0
6 R 0 256 0
7 R 0 222 0
8 R 0 71 0
9 R 0 175 122 0
10 R 0 82 0
11 R 0 100 0
12 R 0 42 267 110 3 0
13 R 0 1 0
14 R 0 -139 -177 -249 0
15 R 0 -266 -152 -147 0
16 R 0 -7 0
17 R 0 -158 -219 0
18 R 0 -140 0
19 R 0 -36 -141 0
20 R 0 -258 -108 0
21 R 0 -171 0
DAY = 16
1 R 0 268 0
2 R 0 293 115 137 0
3 R 0 86 94 64 0
4 R 0 -14 -200 -261 -242 0
5 R 0 -105 0
6 R 0 -71 0
7 R 0 -297 -82 0
8 R 0 -3 -61 -125 0
9 R 0 -42 -43 0
10 R 0 -1 0
DAY = 17
1 R 0 12 0
2 R 0 37 0
3 R 0 87 183 0
4 R 0 252 181 0
5 R 0 257 148 0
6 R 0 -259 -45 -197 0
7 R 0 -273 -79 0
8 R 0 -268 -215 0
9 R 0 -131 -222 -282 0
10 R 0 -175 -288 0
11 R 0 -100 0
12 R 0 -170 -267 -80 -110 0
13 R 0 -182 -234 -86 0
DAY = 18
1 R 0 265 0
2 R 0 -12 0
3 R 0 -37 0
4 R 0 -283 0
5 R 0 -59 0
6 R 0 -256 0
7 R 0 -293 -87 -115 0
8 R 0 -64 -122 0
9 R 0 -148 -183 0
10 R 0 -257 0
DAY = 19
1 R 0 -137 -265 0
2 R 0 -252 -94 0
3 R 0 -181 0
