DATASET = co2020 case challenge part
NAME = vehicles over tools over vehicle days over distance with 500 requests over 25 days
DAY = 1
1 R 0 110 0
2 R 0 469 0
3 R 0 32 0
4 R 0 82 0
5 R 0 225 0
6 R 0 320 0
7 R 0 161 0
8 R 0 452 0
9 R 0 254 0
10 R 0 315 0
11 R 0 132 0
12 R 0 91 0
13 R 0 162 0
14 R 0 273 0
15 R 0 300 0
16 R 0 460 0
17 R 0 16 0
18 R 0 37 0
19 R 0 103 0
20 R 0 439 0
21 R 0 53 0
22 R 0 260 0
23 R 0 337 0
24 R 0 342 0
25 R 0 422 0
DAY = 2
1 R 0 -161 0
2 R 0 -452 0
3 R 0 49 0
4 R 0 406 0
5 R 0 130 0
6 R 0 74 0
7 R 0 78 0
8 R 0 153 0
9 R 0 493 0
10 R 0 -91 0
11 R 0 30 0
12 R 0 84 0
13 R 0 189 0
14 R 0 188 0
15 R 0 197 0
16 R 0 283 0
17 R 0 379 0
18 R 0 -53 0
19 R 0 -260 0
20 R 0 -337 0
21 R 0 -342 0
22 R 0 -422 0
23 R 0 196 0
24 R 0 269 0
25 R 0 396 0
26 R 0 279 0
27 R 0 373 0
28 R 0 42 0
DAY = 3
1 R 0 -32 0
2 R 0 -82 0
3 R 0 -225 0
4 R 0 -320 0
5 R 0 -74 0
6 R 0 -78 0
7 R 0 -132 0
8 R 0 -153 0
9 R 0 -493 0
10 R 0 67 0
11 R 0 240 0
12 R 0 -16 0
13 R 0 -37 0
14 R 0 -103 0
15 R 0 -283 0
16 R 0 -379 0
17 R 0 -439 0
18 R 0 142 0
19 R 0 66 0
20 R 0 277 0
21 R 0 394 0
22 R 0 43 0
23 R 0 59 0
24 R 0 495 0
25 R 0 -42 0
26 R 0 116 0
27 R 0 208 0
28 R 0 339 0
29 R 0 343 0
30 R 0 428 0
31 R 0 63 0
32 R 0 65 0
33 R 0 282 0
DAY = 4
1 R 0 -110 0
2 R 0 -469 0
3 R 0 -130 0
4 R 0 -254 0
5 R 0 -315 0
6 R 0 -67 0
7 R 0 -162 0
8 R 0 -188 0
9 R 0 -197 0
10 R 0 -240 0
11 R 0 -273 0
12 R 0 -300 0
13 R 0 -460 0
14 R 0 29 0
15 R 0 64 0
16 R 0 201 0
17 R 0 35 0
18 R 0 433 0
19 R 0 102 0
20 R 0 233 0
21 R 0 256 0
22 R 0 311 0
23 R 0 443 0
24 R 0 464 0
25 R 0 -43 0
26 R 0 -59 0
27 R 0 -279 0
28 R 0 -373 0
29 R 0 -495 0
30 R 0 44 0
31 R 0 71 0
32 R 0 89 0
33 R 0 145 0
34 R 0 206 0
35 R 0 211 0
36 R 0 361 0
37 R 0 480 0
38 R 0 104 0
39 R 0 328 0
40 R 0 403 0
41 R 0 476 0
42 R 0 135 0
43 R 0 257 0
44 R 0 182 0
45 R 0 194 0
46 R 0 220 0
47 R 0 454 0
48 R 0 109 0
49 R 0 421 0
DAY = 5
1 R 0 -49 0
2 R 0 -406 0
3 R 0 -30 0
4 R 0 -84 0
5 R 0 -189 0
6 R 0 -66 0
7 R 0 -102 0
8 R 0 -196 0
9 R 0 -233 0
10 R 0 -256 0
11 R 0 -269 0
12 R 0 -277 0
13 R 0 -311 0
14 R 0 -394 0
15 R 0 -396 0
16 R 0 -443 0
17 R 0 -464 0
18 R 0 57 0
19 R 0 160 0
20 R 0 41 0
21 R 0 76 0
22 R 0 235 0
23 R 0 391 0
24 R 0 217 0
25 R 0 250 0
26 R 0 276 0
27 R 0 333 0
28 R 0 363 0
29 R 0 -63 0
30 R 0 -65 0
31 R 0 -104 0
32 R 0 -282 0
33 R 0 -328 0
34 R 0 -403 0
35 R 0 -476 0
36 R 0 325 0
37 R 0 477 0
38 R 0 303 0
39 R 0 304 0
40 R 0 93 0
41 R 0 -109 0
42 R 0 -421 0
43 R 0 204 0
44 R 0 214 0
45 R 0 498 0
46 R 0 141 0
47 R 0 354 0
48 R 0 404 0
49 R 0 390 0
DAY = 6
1 R 0 -35 0
2 R 0 -142 0
3 R 0 -433 0
4 R 0 -116 0
5 R 0 -208 0
6 R 0 -211 0
7 R 0 -217 0
8 R 0 -250 0
9 R 0 -276 0
10 R 0 -333 0
11 R 0 -339 0
12 R 0 -343 0
13 R 0 -361 0
14 R 0 -363 0
15 R 0 -428 0
16 R 0 -480 0
17 R 0 169 0
18 R 0 15 0
19 R 0 38 0
20 R 0 346 0
21 R 0 449 0
22 R 0 -93 0
23 R 0 -182 0
24 R 0 -194 0
25 R 0 -220 0
26 R 0 -454 0
27 R 0 88 0
28 R 0 3 0
29 R 0 94 0
30 R 0 360 0
31 R 0 413 0
32 R 0 416 0
33 R 0 463 0
34 R 0 9 0
35 R 0 24 0
36 R 0 173 0
37 R 0 375 0
38 R 0 80 0
39 R 0 157 0
40 R 0 267 0
41 R 0 288 0
42 R 0 442 0
43 R 0 -390 0
44 R 0 83 0
45 R 0 364 0
46 R 0 381 0
47 R 0 368 0
DAY = 7
1 R 0 -29 0
2 R 0 -64 0
3 R 0 -201 0
4 R 0 -41 0
5 R 0 -44 0
6 R 0 -71 0
7 R 0 -76 0
8 R 0 -89 0
9 R 0 -145 0
10 R 0 -206 0
11 R 0 -235 0
12 R 0 -391 0
13 R 0 -135 0
14 R 0 -257 0
15 R 0 -303 0
16 R 0 -304 0
17 R 0 -88 0
18 R 0 167 0
19 R 0 179 0
20 R 0 209 0
21 R 0 278 0
22 R 0 355 0
23 R 0 229 0
24 R 0 321 0
25 R 0 350 0
26 R 0 425 0
27 R 0 -80 0
28 R 0 -141 0
29 R 0 -157 0
30 R 0 218 0
31 R 0 -267 0
32 R 0 -354 0
33 R 0 -404 0
34 R 0 13 0
35 R 0 28 0
36 R 0 60 0
37 R 0 314 0
38 R 0 134 0
39 R 0 415 0
40 R 0 33 0
41 R 0 56 0
42 R 0 227 0
43 R 0 291 0
44 R 0 481 0
45 R 0 81 0
46 R 0 -368 0
47 R 0 51 0
48 R 0 313 0
49 R 0 309 0
50 R 0 19 0
DAY = 8
1 R 0 -57 0
2 R 0 -160 0
3 R 0 -15 0
4 R 0 -38 0
5 R 0 -325 0
6 R 0 -346 0
7 R 0 -449 0
8 R 0 -477 0
9 R 0 -9 0
10 R 0 -24 0
11 R 0 -173 0
12 R 0 -204 0
13 R 0 -214 0
14 R 0 -375 0
15 R 0 -425 0
16 R 0 -498 0
17 R 0 -288 0
18 R 0 -442 0
19 R 0 -13 0
20 R 0 -28 0
21 R 0 262 0
22 R 0 285 0
23 R 0 389 0
24 R 0 423 0
25 R 0 459 0
26 R 0 61 0
27 R 0 181 0
28 R 0 308 0
29 R 0 461 0
30 R 0 115 0
31 R 0 126 0
32 R 0 202 0
33 R 0 -33 0
34 R 0 -56 0
35 R 0 -291 0
36 R 0 -481 0
37 R 0 -81 0
38 R 0 111 0
39 R 0 244 0
40 R 0 190 0
41 R 0 245 0
42 R 0 475 0
43 R 0 500 0
44 R 0 21 0
45 R 0 -19 0
46 R 0 10 0
47 R 0 50 0
48 R 0 316 0
49 R 0 131 0
50 R 0 465 0
51 R 0 85 0
DAY = 9
1 R 0 -169 0
2 R 0 -3 0
3 R 0 -94 0
4 R 0 -229 0
5 R 0 -321 0
6 R 0 -350 0
7 R 0 -360 0
8 R 0 -413 0
9 R 0 -416 0
10 R 0 -463 0
11 R 0 -218 0
12 R 0 -83 0
13 R 0 -115 0
14 R 0 -126 0
15 R 0 -134 0
16 R 0 -202 0
17 R 0 -364 0
18 R 0 -381 0
19 R 0 -415 0
20 R 0 -227 0
21 R 0 18 0
22 R 0 486 0
23 R 0 499 0
24 R 0 263 0
25 R 0 100 0
26 R 0 417 0
27 R 0 474 0
28 R 0 -21 0
29 R 0 -309 0
30 R 0 172 0
31 R 0 372 0
32 R 0 441 0
33 R 0 156 0
34 R 0 180 0
35 R 0 301 0
36 R 0 414 0
37 R 0 138 0
38 R 0 210 0
39 R 0 326 0
40 R 0 327 0
41 R 0 430 0
42 R 0 -85 0
43 R 0 122 0
44 R 0 281 0
45 R 0 408 0
46 R 0 458 0
47 R 0 113 0
48 R 0 246 0
49 R 0 329 0
50 R 0 467 0
51 R 0 159 0
52 R 0 322 0
DAY = 10
1 R 0 -167 0
2 R 0 -179 0
3 R 0 -209 0
4 R 0 -278 0
5 R 0 -355 0
6 R 0 -60 0
7 R 0 -61 0
8 R 0 -181 0
9 R 0 -308 0
10 R 0 -314 0
11 R 0 -461 0
12 R 0 -51 0
13 R 0 -100 0
14 R 0 -190 0
15 R 0 -313 0
16 R 0 -417 0
17 R 0 -474 0
18 R 0 -500 0
19 R 0 409 0
20 R 0 148 0
21 R 0 305 0
22 R 0 365 0
23 R 0 272 0
24 R 0 -131 0
25 R 0 -327 0
26 R 0 -465 0
27 R 0 -122 0
28 R 0 -281 0
29 R 0 -408 0
30 R 0 -458 0
31 R 0 462 0
32 R 0 25 0
33 R 0 203 0
34 R 0 388 0
35 R 0 12 0
36 R 0 335 0
37 R 0 62 0
38 R 0 213 0
39 R 0 345 0
40 R 0 392 0
41 R 0 -159 0
42 R 0 -322 0
43 R 0 261 0
44 R 0 286 0
45 R 0 324 0
46 R 0 105 0
47 R 0 242 0
48 R 0 435 0
49 R 0 86 0
50 R 0 158 0
51 R 0 165 0
52 R 0 241 0
DAY = 11
1 R 0 -262 0
2 R 0 -285 0
3 R 0 -389 0
4 R 0 -423 0
5 R 0 -459 0
6 R 0 -111 0
7 R 0 -244 0
8 R 0 -263 0
9 R 0 -245 0
10 R 0 -475 0
11 R 0 -10 0
12 R 0 -50 0
13 R 0 -272 0
14 R 0 -301 0
15 R 0 -316 0
16 R 0 -414 0
17 R 0 -138 0
18 R 0 -210 0
19 R 0 -326 0
20 R 0 -430 0
21 R 0 -462 0
22 R 0 249 0
23 R 0 479 0
24 R 0 140 0
25 R 0 370 0
26 R 0 457 0
27 R 0 468 0
28 R 0 151 0
29 R 0 168 0
30 R 0 319 0
31 R 0 383 0
32 R 0 -213 0
33 R 0 -329 0
34 R 0 -345 0
35 R 0 -392 0
36 R 0 -467 0
37 R 0 11 0
38 R 0 317 0
39 R 0 451 0
40 R 0 450 0
41 R 0 299 0
42 R 0 382 0
43 R 0 -86 0
44 R 0 -158 0
45 R 0 -165 0
46 R 0 -241 0
47 R 0 75 0
48 R 0 289 0
49 R 0 377 0
50 R 0 397 0
51 R 0 23 0
52 R 0 221 0
53 R 0 223 0
54 R 0 39 0
55 R 0 488 0
DAY = 12
1 R 0 -18 0
2 R 0 -486 0
3 R 0 -499 0
4 R 0 -148 0
5 R 0 -172 0
6 R 0 -305 0
7 R 0 -365 0
8 R 0 -372 0
9 R 0 -441 0
10 R 0 -156 0
11 R 0 -180 0
12 R 0 -12 0
13 R 0 -113 0
14 R 0 -151 0
15 R 0 -168 0
16 R 0 -246 0
17 R 0 -319 0
18 R 0 -335 0
19 R 0 -383 0
20 R 0 -62 0
21 R 0 108 0
22 R 0 292 0
23 R 0 297 0
24 R 0 400 0
25 R 0 434 0
26 R 0 494 0
27 R 0 136 0
28 R 0 487 0
29 R 0 -105 0
30 R 0 -242 0
31 R 0 -382 0
32 R 0 -435 0
33 R 0 70 0
34 R 0 191 0
35 R 0 207 0
36 R 0 125 0
37 R 0 226 0
38 R 0 393 0
39 R 0 -39 0
40 R 0 178 0
41 R 0 -488 0
42 R 0 97 0
43 R 0 185 0
44 R 0 336 0
45 R 0 385 0
46 R 0 470 0
47 R 0 40 0
48 R 0 137 0
DAY = 13
1 R 0 -409 0
2 R 0 -25 0
3 R 0 -140 0
4 R 0 -203 0
5 R 0 -370 0
6 R 0 -388 0
7 R 0 -457 0
8 R 0 -468 0
9 R 0 -136 0
10 R 0 -261 0
11 R 0 -286 0
12 R 0 -324 0
13 R 0 -450 0
14 R 0 -487 0
15 R 0 -299 0
16 R 0 293 0
17 R 0 294 0
18 R 0 446 0
19 R 0 183 0
20 R 0 280 0
21 R 0 347 0
22 R 0 87 0
23 R 0 92 0
24 R 0 234 0
25 R 0 307 0
26 R 0 -23 0
27 R 0 -125 0
28 R 0 -221 0
29 R 0 -223 0
30 R 0 -226 0
31 R 0 -393 0
32 R 0 -178 0
33 R 0 429 0
34 R 0 99 0
35 R 0 349 0
36 R 0 387 0
37 R 0 411 0
38 R 0 90 0
39 R 0 248 0
40 R 0 -40 0
41 R 0 -137 0
42 R 0 331 0
43 R 0 492 0
44 R 0 54 0
45 R 0 266 0
46 R 0 407 0
47 R 0 187 0
48 R 0 340 0
49 R 0 371 0
50 R 0 419 0
51 R 0 483 0
52 R 0 496 0
DAY = 14
1 R 0 -249 0
2 R 0 -479 0
3 R 0 -11 0
4 R 0 -317 0
5 R 0 -434 0
6 R 0 -451 0
7 R 0 -494 0
8 R 0 -75 0
9 R 0 -87 0
10 R 0 -92 0
11 R 0 -234 0
12 R 0 -289 0
13 R 0 -307 0
14 R 0 -377 0
15 R 0 -397 0
16 R 0 8 0
17 R 0 46 0
18 R 0 224 0
19 R 0 478 0
20 R 0 330 0
21 R 0 348 0
22 R 0 366 0
23 R 0 401 0
24 R 0 -90 0
25 R 0 -97 0
26 R 0 -185 0
27 R 0 -248 0
28 R 0 -336 0
29 R 0 -385 0
30 R 0 -470 0
31 R 0 117 0
32 R 0 216 0
33 R 0 284 0
34 R 0 298 0
35 R 0 1 0
36 R 0 98 0
37 R 0 147 0
38 R 0 274 0
39 R 0 195 0
40 R 0 405 0
41 R 0 143 0
42 R 0 -187 0
43 R 0 -340 0
44 R 0 -371 0
45 R 0 -419 0
46 R 0 -483 0
47 R 0 -496 0
48 R 0 174 0
49 R 0 228 0
50 R 0 258 0
51 R 0 259 0
52 R 0 306 0
53 R 0 489 0
54 R 0 212 0
55 R 0 398 0
DAY = 15
1 R 0 -108 0
2 R 0 -292 0
3 R 0 -297 0
4 R 0 -400 0
5 R 0 -70 0
6 R 0 -183 0
7 R 0 -191 0
8 R 0 -207 0
9 R 0 -280 0
10 R 0 -347 0
11 R 0 -99 0
12 R 0 -348 0
13 R 0 -349 0
14 R 0 -366 0
15 R 0 -387 0
16 R 0 -401 0
17 R 0 -411 0
18 R 0 106 0
19 R 0 431 0
20 R 0 264 0
21 R 0 358 0
22 R 0 447 0
23 R 0 -54 0
24 R 0 -195 0
25 R 0 -266 0
26 R 0 -405 0
27 R 0 -407 0
28 R 0 -143 0
29 R 0 77 0
30 R 0 170 0
31 R 0 482 0
32 R 0 7 0
33 R 0 426 0
34 R 0 445 0
35 R 0 352 0
36 R 0 -398 0
37 R 0 144 0
38 R 0 219 0
39 R 0 356 0
40 R 0 436 0
41 R 0 466 0
42 R 0 72 0
43 R 0 247 0
44 R 0 341 0
45 R 0 2 0
46 R 0 129 0
47 R 0 455 0
48 R 0 491 0
DAY = 16
1 R 0 -293 0
2 R 0 -294 0
3 R 0 -446 0
4 R 0 -330 0
5 R 0 -429 0
6 R 0 -1 0
7 R 0 -98 0
8 R 0 -147 0
9 R 0 -264 0
10 R 0 -274 0
11 R 0 -331 0
12 R 0 -358 0
13 R 0 -447 0
14 R 0 -492 0
15 R 0 205 0
16 R 0 359 0
17 R 0 6 0
18 R 0 238 0
19 R 0 252 0
20 R 0 302 0
21 R 0 -212 0
22 R 0 -426 0
23 R 0 -445 0
24 R 0 -352 0
25 R 0 378 0
26 R 0 444 0
27 R 0 497 0
28 R 0 176 0
29 R 0 184 0
30 R 0 230 0
31 R 0 334 0
32 R 0 484 0
33 R 0 -2 0
34 R 0 -129 0
35 R 0 -455 0
36 R 0 -491 0
37 R 0 26 0
38 R 0 124 0
39 R 0 128 0
40 R 0 193 0
41 R 0 432 0
42 R 0 14 0
43 R 0 48 0
44 R 0 58 0
45 R 0 253 0
46 R 0 270 0
DAY = 17
1 R 0 -8 0
2 R 0 -46 0
3 R 0 -224 0
4 R 0 -478 0
5 R 0 -106 0
6 R 0 -117 0
7 R 0 -216 0
8 R 0 -284 0
9 R 0 -298 0
10 R 0 -431 0
11 R 0 -170 0
12 R 0 -174 0
13 R 0 -228 0
14 R 0 -252 0
15 R 0 -258 0
16 R 0 -259 0
17 R 0 -302 0
18 R 0 -306 0
19 R 0 -489 0
20 R 0 -7 0
21 R 0 268 0
22 R 0 45 0
23 R 0 384 0
24 R 0 -72 0
25 R 0 -247 0
26 R 0 -341 0
27 R 0 73 0
28 R 0 215 0
29 R 0 485 0
30 R 0 36 0
31 R 0 95 0
32 R 0 -14 0
33 R 0 -48 0
34 R 0 -58 0
35 R 0 -253 0
36 R 0 -270 0
37 R 0 265 0
38 R 0 296 0
39 R 0 312 0
40 R 0 17 0
41 R 0 367 0
42 R 0 20 0
43 R 0 243 0
DAY = 18
1 R 0 -6 0
2 R 0 -77 0
3 R 0 -238 0
4 R 0 -482 0
5 R 0 -144 0
6 R 0 -176 0
7 R 0 -184 0
8 R 0 -219 0
9 R 0 -230 0
10 R 0 -334 0
11 R 0 -356 0
12 R 0 -384 0
13 R 0 -436 0
14 R 0 -466 0
15 R 0 -484 0
16 R 0 166 0
17 R 0 344 0
18 R 0 471 0
19 R 0 69 0
20 R 0 27 0
21 R 0 186 0
22 R 0 -95 0
23 R 0 -432 0
24 R 0 68 0
25 R 0 332 0
26 R 0 473 0
27 R 0 96 0
28 R 0 127 0
29 R 0 287 0
30 R 0 164 0
31 R 0 -20 0
32 R 0 -243 0
33 R 0 149 0
34 R 0 440 0
35 R 0 112 0
36 R 0 192 0
37 R 0 232 0
38 R 0 353 0
39 R 0 222 0
40 R 0 424 0
DAY = 19
1 R 0 -205 0
2 R 0 -359 0
3 R 0 -45 0
4 R 0 -378 0
5 R 0 -444 0
6 R 0 -497 0
7 R 0 -26 0
8 R 0 -27 0
9 R 0 -36 0
10 R 0 -124 0
11 R 0 -128 0
12 R 0 -186 0
13 R 0 -193 0
14 R 0 5 0
15 R 0 118 0
16 R 0 155 0
17 R 0 198 0
18 R 0 351 0
19 R 0 380 0
20 R 0 472 0
21 R 0 154 0
22 R 0 31 0
23 R 0 152 0
24 R 0 -17 0
25 R 0 -367 0
26 R 0 133 0
27 R 0 290 0
28 R 0 438 0
29 R 0 55 0
30 R 0 255 0
31 R 0 310 0
32 R 0 418 0
33 R 0 150 0
34 R 0 399 0
35 R 0 -222 0
36 R 0 -424 0
37 R 0 120 0
38 R 0 121 0
39 R 0 295 0
40 R 0 453 0
41 R 0 119 0
42 R 0 236 0
43 R 0 412 0
44 R 0 200 0
45 R 0 402 0
DAY = 20
1 R 0 -268 0
2 R 0 -69 0
3 R 0 -73 0
4 R 0 -215 0
5 R 0 -485 0
6 R 0 -31 0
7 R 0 -96 0
8 R 0 -127 0
9 R 0 -152 0
10 R 0 -265 0
11 R 0 -287 0
12 R 0 -296 0
13 R 0 -312 0
14 R 0 -164 0
15 R 0 318 0
16 R 0 490 0
17 R 0 171 0
18 R 0 369 0
19 R 0 -112 0
20 R 0 -150 0
21 R 0 -192 0
22 R 0 -232 0
23 R 0 -353 0
24 R 0 -399 0
25 R 0 79 0
26 R 0 251 0
27 R 0 323 0
28 R 0 395 0
29 R 0 427 0
30 R 0 101 0
31 R 0 107 0
32 R 0 163 0
33 R 0 47 0
34 R 0 52 0
35 R 0 114 0
36 R 0 338 0
37 R 0 376 0
38 R 0 -200 0
39 R 0 -402 0
40 R 0 175 0
41 R 0 231 0
42 R 0 239 0
43 R 0 448 0
DAY = 21
1 R 0 -166 0
2 R 0 -344 0
3 R 0 -471 0
4 R 0 -68 0
5 R 0 -154 0
6 R 0 -332 0
7 R 0 -473 0
8 R 0 -55 0
9 R 0 -149 0
10 R 0 -171 0
11 R 0 -255 0
12 R 0 -310 0
13 R 0 -369 0
14 R 0 -418 0
15 R 0 -440 0
16 R 0 146 0
17 R 0 4 0
18 R 0 -47 0
19 R 0 -52 0
20 R 0 -114 0
21 R 0 -119 0
22 R 0 -236 0
23 R 0 -338 0
24 R 0 -376 0
25 R 0 -412 0
26 R 0 22 0
27 R 0 357 0
28 R 0 437 0
29 R 0 420 0
DAY = 22
1 R 0 -5 0
2 R 0 -118 0
3 R 0 -155 0
4 R 0 -198 0
5 R 0 -351 0
6 R 0 -380 0
7 R 0 -472 0
8 R 0 -133 0
9 R 0 -290 0
10 R 0 -438 0
11 R 0 -4 0
12 R 0 -101 0
13 R 0 -107 0
14 R 0 -120 0
15 R 0 -121 0
16 R 0 -163 0
17 R 0 -295 0
18 R 0 -453 0
19 R 0 34 0
20 R 0 275 0
21 R 0 362 0
22 R 0 374 0
23 R 0 386 0
24 R 0 139 0
25 R 0 199 0
26 R 0 271 0
27 R 0 410 0
28 R 0 -175 0
29 R 0 -231 0
30 R 0 -239 0
31 R 0 -448 0
32 R 0 123 0
33 R 0 237 0
34 R 0 -420 0
DAY = 23
1 R 0 -318 0
2 R 0 -490 0
3 R 0 -79 0
4 R 0 -146 0
5 R 0 -251 0
6 R 0 -323 0
7 R 0 -395 0
8 R 0 -427 0
9 R 0 -22 0
10 R 0 -139 0
11 R 0 -199 0
12 R 0 -271 0
13 R 0 -357 0
14 R 0 -410 0
15 R 0 -437 0
16 R 0 177 0
17 R 0 456 0
18 R 0 -123 0
19 R 0 -237 0
DAY = 24
1 R 0 -34 0
2 R 0 -275 0
3 R 0 -362 0
4 R 0 -374 0
5 R 0 -386 0
6 R 0 -177 0
7 R 0 -456 0
