DATASET = co2020 case challenge part
NAME = tools over vehicle days over vehicles over distance with 200 requests over 15 days
DAY = 1
1 R 0 106 111 58 66 0
2 R 0 185 53 0
3 R 0 34 17 0
4 R 0 99 77 178 0
5 R 0 101 0
6 R 0 131 83 0
7 R 0 115 0
8 R 0 120 0
9 R 0 195 90 0
10 R 0 156 144 56 0
11 R 0 82 0
DAY = 2
1 R 0 170 0
2 R 0 39 0
3 R 0 30 190 0
4 R 0 19 0
5 R 0 110 0
6 R 0 112 0
7 R 0 143 0
8 R 0 14 0
9 R 0 103 0
10 R 0 133 21 0
11 R 0 93 0
12 R 0 67 184 176 122 0
13 R 0 84 0
14 R 0 194 198 70 0
15 R 0 96 23 0
16 R 0 165 0
17 R 0 -34 -17 0
18 R 0 -178 -99 0
19 R 0 -115 -56 0
DAY = 3
1 R 0 43 63 0
2 R 0 64 0
3 R 0 135 152 1 0
4 R 0 132 5 0
5 R 0 16 0
6 R 0 181 0
7 R 0 80 183 151 0
8 R 0 137 0
9 R 0 -39 0
10 R 0 -111 -58 -19 0
11 R 0 -110 0
12 R 0 -112 0
13 R 0 -103 0
14 R 0 -176 -77 -67 -198 0
15 R 0 -120 0
16 R 0 -195 -90 0
17 R 0 -156 -144 -23 0
18 R 0 -82 0
DAY = 4
1 R 0 71 136 0
2 R 0 35 0
3 R 0 6 89 0
4 R 0 27 0
5 R 0 24 92 117 13 108 0
6 R 0 68 129 36 187 0
7 R 0 38 0
8 R 0 22 0
9 R 0 26 18 0
10 R 0 134 0
11 R 0 -66 -53 -106 0
12 R 0 -185 0
13 R 0 -93 0
14 R 0 -101 0
15 R 0 -16 0
16 R 0 -83 0
17 R 0 -84 0
18 R 0 -96 -131 -70 0
19 R 0 -137 0
20 R 0 -165 0
DAY = 5
1 R 0 15 0
2 R 0 148 188 11 0
3 R 0 150 182 124 0
4 R 0 197 0
5 R 0 142 3 0
6 R 0 33 0
7 R 0 196 69 0
8 R 0 173 0
9 R 0 -170 0
10 R 0 -63 -30 0
11 R 0 -64 0
12 R 0 -190 -24 -1 0
13 R 0 -5 -92 -152 0
14 R 0 -108 0
15 R 0 -143 0
16 R 0 -21 -133 -14 0
17 R 0 -122 -184 -151 0
18 R 0 -183 -38 0
19 R 0 -80 -194 0
20 R 0 -18 0
DAY = 6
1 R 0 79 167 25 85 0
2 R 0 54 44 48 0
3 R 0 123 169 0
4 R 0 126 0
5 R 0 180 0
6 R 0 174 149 172 0
7 R 0 102 59 119 0
8 R 0 109 37 147 0
9 R 0 74 40 127 0
10 R 0 118 0
11 R 0 -71 -43 -188 0
12 R 0 -136 -148 0
13 R 0 -35 0
14 R 0 -135 -197 0
15 R 0 -117 -68 -132 0
16 R 0 -36 -181 0
17 R 0 -129 -69 0
18 R 0 -173 0
19 R 0 -22 0
DAY = 7
1 R 0 42 0
2 R 0 41 0
3 R 0 47 4 0
4 R 0 114 128 0
5 R 0 2 199 52 0
6 R 0 107 0
7 R 0 104 0
8 R 0 139 100 0
9 R 0 171 0
10 R 0 -15 0
11 R 0 -6 -89 0
12 R 0 -27 0
13 R 0 -13 0
14 R 0 -126 0
15 R 0 -33 -142 0
16 R 0 -187 -172 -102 -40 0
17 R 0 -127 0
18 R 0 -118 0
19 R 0 -134 -26 0
DAY = 8
1 R 0 73 164 0
2 R 0 87 138 0
3 R 0 57 154 0
4 R 0 192 0
5 R 0 177 0
6 R 0 159 140 76 0
7 R 0 31 7 0
8 R 0 46 0
9 R 0 191 0
10 R 0 189 0
11 R 0 153 0
12 R 0 121 0
13 R 0 105 0
14 R 0 -79 -11 -85 0
15 R 0 -124 -182 -150 -48 0
16 R 0 -123 -169 0
17 R 0 -3 0
18 R 0 -174 -149 0
19 R 0 -59 -119 0
20 R 0 -74 -147 -196 0
21 R 0 -139 0
DAY = 9
1 R 0 163 12 0
2 R 0 20 0
3 R 0 162 0
4 R 0 55 61 51 168 28 0
5 R 0 10 0
6 R 0 179 0
7 R 0 -42 -25 -167 -154 -44 0
8 R 0 -192 -4 0
9 R 0 -180 -54 0
10 R 0 -2 -7 -109 0
11 R 0 -37 0
12 R 0 -104 0
13 R 0 -100 -171 -105 0
DAY = 10
1 R 0 8 60 0
2 R 0 155 0
3 R 0 86 0
4 R 0 193 0
5 R 0 145 62 0
6 R 0 32 160 0
7 R 0 81 130 0
8 R 0 75 50 98 0
9 R 0 -41 0
10 R 0 -128 -140 -47 0
11 R 0 -114 -159 0
12 R 0 -76 -199 -52 0
13 R 0 -51 -107 0
14 R 0 -46 0
15 R 0 -191 0
16 R 0 -10 -153 0
17 R 0 -121 0
18 R 0 -179 0
DAY = 11
1 R 0 116 161 0
2 R 0 65 0
3 R 0 141 146 0
4 R 0 158 125 0
5 R 0 166 175 0
6 R 0 78 0
7 R 0 94 0
8 R 0 88 0
9 R 0 -164 -163 -8 0
10 R 0 -73 -87 -12 0
11 R 0 -155 -138 0
12 R 0 -86 0
13 R 0 -57 0
14 R 0 -20 0
15 R 0 -177 0
16 R 0 -160 -31 0
17 R 0 -168 0
18 R 0 -189 0
19 R 0 -55 0
DAY = 12
1 R 0 157 97 0
2 R 0 186 0
3 R 0 113 72 29 0
4 R 0 200 0
5 R 0 9 0
6 R 0 95 0
7 R 0 -62 -145 -141 0
8 R 0 -162 0
9 R 0 -50 -125 -61 -28 0
10 R 0 -75 -166 0
11 R 0 -78 0
12 R 0 -94 0
13 R 0 -88 0
DAY = 13
1 R 0 45 91 0
2 R 0 49 0
3 R 0 -97 0
4 R 0 -186 0
5 R 0 -60 0
6 R 0 -116 -161 0
7 R 0 -193 0
8 R 0 -65 0
9 R 0 -32 -29 0
10 R 0 -130 0
11 R 0 -9 0
12 R 0 -158 0
13 R 0 -81 -175 0
14 R 0 -98 0
DAY = 14
1 R 0 -113 -157 0
2 R 0 -45 -91 0
3 R 0 -200 -72 0
4 R 0 -146 0
5 R 0 -49 0
6 R 0 -95 0
