DATASET = co2020 case challenge part
NAME = tools over vehicles over vehicle days over distance with 100 requests over 10 days
DAY = 1
1 R 0 85 29 78 0
2 R 0 15 0
3 R 0 36 0
4 R 0 58 86 0
5 R 0 59 0
6 R 0 13 0
7 R 0 64 45 82 0
8 R 0 67 7 0
9 R 0 47 0
10 R 0 18 0
DAY = 2
1 R 0 99 0
2 R 0 5 27 0
3 R 0 66 95 0
4 R 0 43 90 61 0
5 R 0 37 12 0
6 R 0 100 0
7 R 0 1 0
8 R 0 63 0
9 R 0 87 0
10 R 0 77 0
11 R 0 79 62 20 0
12 R 0 -58 -78 -85 0
13 R 0 -59 0
14 R 0 -67 -7 0
DAY = 3
1 R 0 98 16 0
2 R 0 24 50 0
3 R 0 44 40 0
4 R 0 53 19 72 0
5 R 0 10 83 0
6 R 0 55 32 0
7 R 0 74 0
8 R 0 6 30 0
9 R 0 54 0
10 R 0 -99 -29 0
11 R 0 -15 -95 0
12 R 0 -82 -90 -61 0
13 R 0 -63 0
14 R 0 -20 -64 0
DAY = 4
1 R 0 26 0
2 R 0 25 0
3 R 0 34 0
4 R 0 2 92 0
5 R 0 75 68 0
6 R 0 49 9 17 0
7 R 0 35 51 81 0
8 R 0 31 0
9 R 0 -27 0
10 R 0 -36 0
11 R 0 -86 -37 0
12 R 0 -100 0
13 R 0 -13 0
14 R 0 -1 0
15 R 0 -45 -83 0
16 R 0 -79 0
17 R 0 -47 0
18 R 0 -62 0
19 R 0 -18 0
DAY = 5
1 R 0 69 0
2 R 0 71 8 57 0
3 R 0 39 0
4 R 0 21 46 76 0
5 R 0 56 80 0
6 R 0 28 60 0
7 R 0 42 0
8 R 0 3 11 0
9 R 0 33 0
10 R 0 -5 -16 0
11 R 0 -66 -75 0
12 R 0 -24 -44 0
13 R 0 -12 -43 0
14 R 0 -53 -19 -72 0
15 R 0 -87 0
16 R 0 -77 0
17 R 0 -55 -32 0
18 R 0 -74 0
19 R 0 -6 -30 0
DAY = 6
1 R 0 89 94 0
2 R 0 91 0
3 R 0 52 97 65 0
4 R 0 14 93 0
5 R 0 22 48 0
6 R 0 84 0
7 R 0 -26 0
8 R 0 -92 -98 0
9 R 0 -50 -40 0
10 R 0 -56 -10 -17 0
11 R 0 -42 -31 0
12 R 0 -54 0
DAY = 7
1 R 0 41 70 0
2 R 0 88 0
3 R 0 38 4 0
4 R 0 96 23 0
5 R 0 -69 0
6 R 0 -25 0
7 R 0 -91 0
8 R 0 -34 0
9 R 0 -2 -65 0
10 R 0 -39 0
11 R 0 -21 -22 0
12 R 0 -9 -68 0
13 R 0 -60 -49 0
14 R 0 -51 -81 0
15 R 0 -35 -3 -48 0
DAY = 8
1 R 0 73 0
2 R 0 -57 -8 -71 -4 0
3 R 0 -14 -46 -52 0
4 R 0 -76 -80 0
5 R 0 -28 0
6 R 0 -11 -33 0
DAY = 9
1 R 0 -41 -94 -89 0
2 R 0 -70 0
3 R 0 -88 0
4 R 0 -38 -93 -97 0
5 R 0 -73 -23 0
6 R 0 -96 0
7 R 0 -84 0
