DATASET = co2020 case challenge part
NAME = tools over vehicles over vehicle days over distance with 500 requests over 25 days
DAY = 1
1 R 0 84 378 265 0
2 R 0 322 108 0
3 R 0 211 0
4 R 0 499 169 0
5 R 0 165 415 0
6 R 0 13 317 0
7 R 0 465 36 272 0
8 R 0 375 0
9 R 0 41 0
10 R 0 7 418 0
DAY = 2
1 R 0 452 0
2 R 0 119 483 0
3 R 0 271 377 0
4 R 0 469 0
5 R 0 210 0
6 R 0 421 328 286 0
7 R 0 383 0
8 R 0 426 0
9 R 0 121 0
10 R 0 124 0
11 R 0 409 0
12 R 0 112 357 144 0
13 R 0 370 262 0
14 R 0 1 0
15 R 0 497 0
16 R 0 264 0
17 R 0 87 332 46 0
18 R 0 63 0
19 R 0 230 24 302 0
20 R 0 -378 0
21 R 0 -499 -169 0
22 R 0 -375 0
23 R 0 -41 0
24 R 0 -7 0
DAY = 3
1 R 0 107 0
2 R 0 153 95 256 0
3 R 0 56 82 0
4 R 0 100 0
5 R 0 468 44 440 0
6 R 0 57 0
7 R 0 278 148 438 17 0
8 R 0 259 25 0
9 R 0 183 0
10 R 0 43 0
11 R 0 423 233 0
12 R 0 16 349 0
13 R 0 -119 -265 0
14 R 0 -469 0
15 R 0 -322 -108 0
16 R 0 -124 0
17 R 0 -409 0
18 R 0 -13 -357 0
19 R 0 -317 -36 0
20 R 0 -87 -332 -272 0
21 R 0 -63 0
22 R 0 -418 -230 0
DAY = 4
1 R 0 198 419 0
2 R 0 131 232 411 321 0
3 R 0 398 0
4 R 0 369 325 0
5 R 0 99 0
6 R 0 109 0
7 R 0 89 388 0
8 R 0 19 351 140 0
9 R 0 155 0
10 R 0 270 329 0
11 R 0 221 9 0
12 R 0 458 0
13 R 0 496 0
14 R 0 239 0
15 R 0 166 0
16 R 0 101 0
17 R 0 493 0
18 R 0 410 70 0
19 R 0 -56 -483 0
20 R 0 -100 -84 0
21 R 0 -210 0
22 R 0 -468 -328 -278 0
23 R 0 -426 0
24 R 0 -211 0
25 R 0 -121 0
26 R 0 -415 -165 -17 0
27 R 0 -43 0
28 R 0 -465 -497 0
29 R 0 -16 -302 0
30 R 0 -349 0
DAY = 5
1 R 0 292 266 0
2 R 0 196 0
3 R 0 106 0
4 R 0 102 334 0
5 R 0 439 98 0
6 R 0 173 0
7 R 0 263 0
8 R 0 126 494 0
9 R 0 254 0
10 R 0 136 157 189 0
11 R 0 381 213 0
12 R 0 -452 0
13 R 0 -377 -271 -153 0
14 R 0 -131 -82 -232 0
15 R 0 -440 0
16 R 0 -109 0
17 R 0 -421 -286 0
18 R 0 -383 -351 0
19 R 0 -57 0
20 R 0 -25 -112 -144 0
21 R 0 -262 -370 -183 0
22 R 0 -1 0
23 R 0 -221 -9 0
24 R 0 -264 0
25 R 0 -496 0
26 R 0 -233 -46 0
27 R 0 -101 -423 0
28 R 0 -24 0
DAY = 6
1 R 0 396 353 0
2 R 0 164 0
3 R 0 220 397 0
4 R 0 304 179 0
5 R 0 116 0
6 R 0 240 0
7 R 0 130 199 0
8 R 0 143 75 0
9 R 0 228 175 0
10 R 0 60 115 0
11 R 0 77 0
12 R 0 430 0
13 R 0 473 40 387 0
14 R 0 372 0
15 R 0 134 0
16 R 0 52 347 49 0
17 R 0 50 0
18 R 0 475 444 172 0
19 R 0 47 382 0
20 R 0 -107 0
21 R 0 -256 -95 0
22 R 0 -411 -369 0
23 R 0 -99 -44 -148 0
24 R 0 -19 -155 0
25 R 0 -438 -329 0
26 R 0 -259 -213 0
27 R 0 -239 0
28 R 0 -70 0
DAY = 7
1 R 0 142 0
2 R 0 479 0
3 R 0 224 0
4 R 0 350 362 0
5 R 0 105 0
6 R 0 80 208 0
7 R 0 235 428 308 216 0
8 R 0 348 0
9 R 0 422 0
10 R 0 -198 0
11 R 0 -419 -266 0
12 R 0 -220 -321 0
13 R 0 -398 0
14 R 0 -116 -325 0
15 R 0 -89 0
16 R 0 -240 0
17 R 0 -130 -140 -388 0
18 R 0 -102 -254 0
19 R 0 -60 -157 -381 -270 0
20 R 0 -372 0
21 R 0 -134 0
22 R 0 -458 -347 -49 -52 0
23 R 0 -50 0
24 R 0 -172 -444 0
25 R 0 -166 0
26 R 0 -493 0
27 R 0 -410 0
DAY = 8
1 R 0 194 204 0
2 R 0 241 150 0
3 R 0 97 0
4 R 0 34 0
5 R 0 76 365 0
6 R 0 344 0
7 R 0 471 0
8 R 0 412 0
9 R 0 35 149 477 0
10 R 0 122 0
11 R 0 425 0
12 R 0 424 323 6 0
13 R 0 96 437 0
14 R 0 79 0
15 R 0 403 495 0
16 R 0 406 0
17 R 0 296 0
18 R 0 -396 -353 0
19 R 0 -164 0
20 R 0 -196 -292 0
21 R 0 -106 0
22 R 0 -143 -334 0
23 R 0 -224 0
24 R 0 -439 0
25 R 0 -175 -98 0
26 R 0 -173 0
27 R 0 -263 0
28 R 0 -228 -494 0
29 R 0 -126 0
30 R 0 -136 0
31 R 0 -189 -350 0
32 R 0 -387 -208 -308 0
33 R 0 -47 -348 0
DAY = 9
1 R 0 139 436 251 0
2 R 0 277 402 466 39 0
3 R 0 269 338 467 0
4 R 0 276 0
5 R 0 133 288 289 363 0
6 R 0 386 267 72 0
7 R 0 464 0
8 R 0 472 0
9 R 0 68 0
10 R 0 174 0
11 R 0 405 484 0
12 R 0 206 0
13 R 0 186 37 0
14 R 0 408 407 0
15 R 0 287 250 18 0
16 R 0 336 0
17 R 0 -142 -194 0
18 R 0 -150 0
19 R 0 -97 0
20 R 0 -76 -397 0
21 R 0 -304 -179 0
22 R 0 -199 0
23 R 0 -471 0
24 R 0 -479 0
25 R 0 -412 0
26 R 0 -75 -35 0
27 R 0 -115 0
28 R 0 -425 0
29 R 0 -77 0
30 R 0 -6 0
31 R 0 -430 0
32 R 0 -475 -473 -40 0
33 R 0 -495 -382 0
34 R 0 -422 0
DAY = 10
1 R 0 27 0
2 R 0 21 0
3 R 0 215 463 0
4 R 0 487 0
5 R 0 234 0
6 R 0 379 0
7 R 0 202 360 0
8 R 0 305 38 0
9 R 0 92 0
10 R 0 316 223 0
11 R 0 340 0
12 R 0 93 0
13 R 0 392 0
14 R 0 298 380 252 0
15 R 0 355 0
16 R 0 123 0
17 R 0 488 244 191 0
18 R 0 128 32 420 0
19 R 0 -241 -204 0
20 R 0 -133 -365 -338 -149 0
21 R 0 -362 -386 -72 0
22 R 0 -105 0
23 R 0 -80 -323 -235 -428 0
24 R 0 -79 0
25 R 0 -403 -216 0
26 R 0 -250 -296 0
DAY = 11
1 R 0 295 443 352 0
2 R 0 448 457 0
3 R 0 327 0
4 R 0 285 0
5 R 0 23 0
6 R 0 253 0
7 R 0 246 417 0
8 R 0 28 0
9 R 0 -251 -436 0
10 R 0 -21 0
11 R 0 -402 -466 0
12 R 0 -34 0
13 R 0 -39 -344 -277 0
14 R 0 -288 -477 -467 0
15 R 0 -122 -289 -363 0
16 R 0 -464 0
17 R 0 -472 -424 0
18 R 0 -68 0
19 R 0 -305 -38 -96 0
20 R 0 -392 0
21 R 0 -355 -298 0
22 R 0 -206 0
23 R 0 -437 0
24 R 0 -123 0
25 R 0 -186 -407 0
26 R 0 -406 0
27 R 0 -18 -287 0
28 R 0 -336 0
DAY = 12
1 R 0 320 120 0
2 R 0 416 5 0
3 R 0 361 371 0
4 R 0 333 3 167 0
5 R 0 432 0
6 R 0 374 0
7 R 0 180 0
8 R 0 460 225 0
9 R 0 384 20 0
10 R 0 160 181 170 0
11 R 0 132 161 0
12 R 0 78 156 0
13 R 0 462 435 0
14 R 0 145 299 0
15 R 0 394 0
16 R 0 366 0
17 R 0 222 73 0
18 R 0 309 0
19 R 0 -295 -443 -139 0
20 R 0 -269 0
21 R 0 -276 0
22 R 0 -379 0
23 R 0 -202 -360 0
24 R 0 -267 -316 0
25 R 0 -174 0
26 R 0 -405 -484 0
27 R 0 -408 -37 0
28 R 0 -420 -128 0
DAY = 13
1 R 0 137 427 376 0
2 R 0 461 500 389 0
3 R 0 359 2 0
4 R 0 485 335 0
5 R 0 385 152 0
6 R 0 391 88 0
7 R 0 135 0
8 R 0 11 4 168 0
9 R 0 450 429 29 0
10 R 0 14 236 0
11 R 0 -463 -352 -27 0
12 R 0 -448 -371 0
13 R 0 -215 0
14 R 0 -487 0
15 R 0 -457 0
16 R 0 -327 0
17 R 0 -234 0
18 R 0 -180 0
19 R 0 -92 0
20 R 0 -340 -223 0
21 R 0 -380 -93 0
22 R 0 -435 -252 0
23 R 0 -488 -145 0
24 R 0 -394 0
25 R 0 -366 0
26 R 0 -244 0
27 R 0 -191 -73 0
28 R 0 -32 -28 0
DAY = 14
1 R 0 51 310 0
2 R 0 154 178 0
3 R 0 176 284 0
4 R 0 313 158 0
5 R 0 456 0
6 R 0 498 0
7 R 0 275 0
8 R 0 399 0
9 R 0 258 0
10 R 0 138 69 0
11 R 0 319 447 413 0
12 R 0 91 0
13 R 0 118 146 0
14 R 0 249 291 0
15 R 0 -427 -120 0
16 R 0 -361 -333 0
17 R 0 -167 -376 0
18 R 0 -285 0
19 R 0 -384 0
20 R 0 -23 0
21 R 0 -253 -181 0
22 R 0 -170 -132 0
23 R 0 -335 -156 0
24 R 0 -462 -485 0
25 R 0 -417 -152 0
26 R 0 -246 -29 -429 0
27 R 0 -309 -236 0
DAY = 15
1 R 0 187 0
2 R 0 113 0
3 R 0 331 207 0
4 R 0 342 273 449 0
5 R 0 184 62 0
6 R 0 433 300 0
7 R 0 301 193 492 0
8 R 0 15 311 147 0
9 R 0 459 0
10 R 0 177 83 0
11 R 0 312 0
12 R 0 111 0
13 R 0 -320 -137 0
14 R 0 -416 -5 0
15 R 0 -3 -432 0
16 R 0 -313 0
17 R 0 -374 0
18 R 0 -389 -456 0
19 R 0 -359 0
20 R 0 -258 0
21 R 0 -460 -225 -20 0
22 R 0 -91 -160 0
23 R 0 -78 -161 0
24 R 0 -146 -299 0
25 R 0 -385 -391 0
26 R 0 -88 0
27 R 0 -135 0
28 R 0 -4 -11 -222 0
DAY = 16
1 R 0 218 0
2 R 0 85 0
3 R 0 455 214 0
4 R 0 486 0
5 R 0 54 53 0
6 R 0 454 0
7 R 0 481 434 0
8 R 0 324 0
9 R 0 404 0
10 R 0 445 0
11 R 0 345 182 0
12 R 0 61 0
13 R 0 203 0
14 R 0 74 58 205 0
15 R 0 55 0
16 R 0 -51 -310 0
17 R 0 -331 -207 0
18 R 0 -342 -154 0
19 R 0 -176 -284 0
20 R 0 -158 -449 -461 0
21 R 0 -184 -500 0
22 R 0 -498 0
23 R 0 -275 -300 0
24 R 0 -319 -447 -413 0
25 R 0 -2 -193 0
26 R 0 -249 -311 0
27 R 0 -168 -291 0
28 R 0 -459 0
29 R 0 -450 -111 -83 0
30 R 0 -14 0
DAY = 17
1 R 0 257 242 0
2 R 0 227 446 226 0
3 R 0 358 238 368 0
4 R 0 474 237 0
5 R 0 451 314 0
6 R 0 8 0
7 R 0 209 0
8 R 0 212 0
9 R 0 65 283 0
10 R 0 104 354 0
11 R 0 337 0
12 R 0 185 0
13 R 0 229 42 0
14 R 0 -85 0
15 R 0 -113 0
16 R 0 -454 -178 0
17 R 0 -481 0
18 R 0 -324 0
19 R 0 -399 0
20 R 0 -404 0
21 R 0 -445 0
22 R 0 -138 -69 0
23 R 0 -147 -118 -433 0
24 R 0 -15 -74 0
25 R 0 -177 0
26 R 0 -312 0
DAY = 18
1 R 0 195 0
2 R 0 294 0
3 R 0 364 0
4 R 0 103 0
5 R 0 489 0
6 R 0 94 159 0
7 R 0 59 33 0
8 R 0 248 297 0
9 R 0 192 171 0
10 R 0 26 0
11 R 0 279 71 0
12 R 0 255 0
13 R 0 326 0
14 R 0 303 0
15 R 0 -227 -187 0
16 R 0 -486 0
17 R 0 -62 -273 -54 0
18 R 0 -237 0
19 R 0 -8 0
20 R 0 -209 0
21 R 0 -492 -65 -301 0
22 R 0 -354 0
23 R 0 -185 0
24 R 0 -55 -205 -58 0
DAY = 19
1 R 0 247 151 453 0
2 R 0 341 114 414 0
3 R 0 395 0
4 R 0 293 0
5 R 0 190 0
6 R 0 219 117 0
7 R 0 129 0
8 R 0 30 0
9 R 0 482 200 0
10 R 0 217 339 201 0
11 R 0 10 281 0
12 R 0 346 0
13 R 0 163 0
14 R 0 470 390 0
15 R 0 -455 -218 0
16 R 0 -257 -242 0
17 R 0 -214 -364 0
18 R 0 -103 -53 0
19 R 0 -434 -451 -358 0
20 R 0 -314 -59 0
21 R 0 -345 -182 0
22 R 0 -104 -212 0
23 R 0 -61 -255 0
24 R 0 -203 0
25 R 0 -229 0
DAY = 20
1 R 0 48 431 0
2 R 0 67 0
3 R 0 110 373 0
4 R 0 318 0
5 R 0 476 330 0
6 R 0 400 306 86 0
7 R 0 12 0
8 R 0 64 127 0
9 R 0 480 0
10 R 0 245 0
11 R 0 367 125 0
12 R 0 274 0
13 R 0 282 141 0
14 R 0 490 0
15 R 0 307 0
16 R 0 81 0
17 R 0 31 0
18 R 0 188 0
19 R 0 22 0
20 R 0 -195 0
21 R 0 -294 0
22 R 0 -446 0
23 R 0 -395 0
24 R 0 -226 0
25 R 0 -293 0
26 R 0 -368 -190 -238 0
27 R 0 -33 -117 -474 0
28 R 0 -30 0
29 R 0 -248 -200 0
30 R 0 -482 -192 0
31 R 0 -283 0
32 R 0 -470 -337 0
33 R 0 -326 0
34 R 0 -303 0
35 R 0 -42 0
DAY = 21
1 R 0 356 0
2 R 0 315 0
3 R 0 45 0
4 R 0 260 0
5 R 0 90 0
6 R 0 442 280 0
7 R 0 66 0
8 R 0 197 0
9 R 0 401 0
10 R 0 162 0
11 R 0 -453 0
12 R 0 -67 0
13 R 0 -247 -476 0
14 R 0 -489 0
15 R 0 -64 -86 -94 0
16 R 0 -159 -219 0
17 R 0 -171 -297 0
18 R 0 -26 0
19 R 0 -282 -279 0
20 R 0 -10 -490 -71 0
21 R 0 -81 0
22 R 0 -31 0
23 R 0 -346 0
DAY = 22
1 R 0 393 0
2 R 0 231 0
3 R 0 441 0
4 R 0 290 0
5 R 0 268 243 0
6 R 0 -341 -151 -356 0
7 R 0 -414 -114 0
8 R 0 -260 0
9 R 0 -90 0
10 R 0 -306 -280 0
11 R 0 -127 0
12 R 0 -66 0
13 R 0 -129 0
14 R 0 -245 0
15 R 0 -201 -141 0
16 R 0 -281 -217 -339 0
17 R 0 -163 0
18 R 0 -390 0
DAY = 23
1 R 0 478 261 0
2 R 0 343 0
3 R 0 491 0
4 R 0 -48 -431 0
5 R 0 -110 0
6 R 0 -373 -45 0
7 R 0 -318 0
8 R 0 -400 -330 0
9 R 0 -12 0
10 R 0 -480 -393 0
11 R 0 -197 0
12 R 0 -231 0
13 R 0 -125 -401 -367 0
14 R 0 -274 0
15 R 0 -290 0
16 R 0 -307 0
17 R 0 -162 0
18 R 0 -188 0
19 R 0 -268 -22 0
DAY = 24
1 R 0 -261 0
2 R 0 -315 0
3 R 0 -478 0
4 R 0 -343 -442 0
5 R 0 -441 -491 0
6 R 0 -243 0
