DATASET = co2020 case challenge part
NAME = tools over distance over vehicle days over vehicles with 200 requests over 15 days
DAY = 1
1 R 0 135 68 0
2 R 0 198 0
3 R 0 56 169 187 38 0
4 R 0 39 59 44 0
5 R 0 160 0
6 R 0 10 158 43 18 0
DAY = 2
1 R 0 67 11 0
2 R 0 55 46 0
3 R 0 194 0
4 R 0 157 0
5 R 0 87 0
6 R 0 132 131 0
7 R 0 115 0
8 R 0 152 0
9 R 0 172 83 0
10 R 0 193 183 81 0
11 R 0 40 0
12 R 0 62 0
13 R 0 -68 -56 -187 -10 -18 0
DAY = 3
1 R 0 199 104 0
2 R 0 69 0
3 R 0 114 0
4 R 0 110 145 0
5 R 0 80 60 95 0
6 R 0 26 86 0
7 R 0 30 0
8 R 0 106 177 14 0
9 R 0 63 29 197 0
10 R 0 -135 -67 0
11 R 0 -198 0
12 R 0 -46 0
13 R 0 -39 -59 -157 0
14 R 0 -87 0
15 R 0 -131 0
16 R 0 -193 -62 0
DAY = 4
1 R 0 33 0
2 R 0 105 52 0
3 R 0 130 195 179 0
4 R 0 31 127 116 0
5 R 0 134 0
6 R 0 149 171 185 0
7 R 0 156 35 0
8 R 0 148 0
9 R 0 28 0
10 R 0 122 0
11 R 0 120 0
12 R 0 -169 -55 -80 -60 0
13 R 0 -38 -26 -44 0
14 R 0 -160 0
15 R 0 -158 -115 0
16 R 0 -81 -63 -43 0
DAY = 5
1 R 0 170 0
2 R 0 163 0
3 R 0 78 0
4 R 0 150 146 0
5 R 0 89 0
6 R 0 186 0
7 R 0 109 0
8 R 0 79 129 168 0
9 R 0 147 111 0
10 R 0 189 0
11 R 0 57 0
12 R 0 97 0
13 R 0 -199 0
14 R 0 -69 0
15 R 0 -114 0
16 R 0 -11 0
17 R 0 -195 -179 0
18 R 0 -86 0
19 R 0 -194 0
20 R 0 -127 -30 0
21 R 0 -132 0
22 R 0 -134 0
23 R 0 -149 -185 0
24 R 0 -152 0
25 R 0 -172 -156 0
26 R 0 -35 -83 0
27 R 0 -28 0
28 R 0 -183 -14 0
29 R 0 -120 0
30 R 0 -40 0
31 R 0 -29 0
DAY = 6
1 R 0 8 0
2 R 0 77 0
3 R 0 3 188 0
4 R 0 101 0
5 R 0 126 0
6 R 0 117 0
7 R 0 141 2 151 0
8 R 0 49 74 53 64 73 0
9 R 0 50 0
10 R 0 107 0
11 R 0 200 0
12 R 0 -163 0
13 R 0 -104 -110 -145 0
14 R 0 -105 -95 -31 0
15 R 0 -116 -79 -106 0
16 R 0 -177 -57 0
17 R 0 -197 -97 0
DAY = 7
1 R 0 191 0
2 R 0 13 174 66 0
3 R 0 75 0
4 R 0 16 162 0
5 R 0 54 0
6 R 0 137 0
7 R 0 85 0
8 R 0 113 0
9 R 0 190 155 0
10 R 0 143 128 0
11 R 0 121 0
12 R 0 88 25 184 0
13 R 0 6 71 0
14 R 0 -8 0
15 R 0 -33 0
16 R 0 -78 0
17 R 0 -52 0
18 R 0 -130 -150 0
19 R 0 -186 0
20 R 0 -171 -129 -148 -64 0
21 R 0 -122 -200 0
DAY = 8
1 R 0 144 0
2 R 0 9 0
3 R 0 108 24 175 0
4 R 0 196 0
5 R 0 72 0
6 R 0 5 0
7 R 0 23 0
8 R 0 139 102 93 0
9 R 0 15 0
10 R 0 161 0
11 R 0 164 167 45 0
12 R 0 -170 0
13 R 0 -75 0
14 R 0 -16 -188 0
15 R 0 -101 0
16 R 0 -137 0
17 R 0 -146 -89 0
18 R 0 -109 0
19 R 0 -113 0
20 R 0 -143 -168 -147 0
21 R 0 -111 -74 0
22 R 0 -189 0
23 R 0 -50 0
DAY = 9
1 R 0 154 0
2 R 0 84 136 138 61 0
3 R 0 103 0
4 R 0 124 0
5 R 0 19 0
6 R 0 58 27 0
7 R 0 153 0
8 R 0 99 20 12 0
9 R 0 192 0
10 R 0 166 0
11 R 0 22 182 4 0
12 R 0 -13 -174 0
13 R 0 -9 0
14 R 0 -77 0
15 R 0 -3 -175 -126 0
16 R 0 -190 -155 0
17 R 0 -117 0
18 R 0 -128 0
19 R 0 -121 0
20 R 0 -141 -2 -151 0
21 R 0 -49 -25 0
22 R 0 -53 -73 -139 -102 0
23 R 0 -107 0
24 R 0 -164 -45 0
DAY = 10
1 R 0 82 0
2 R 0 92 47 0
3 R 0 119 41 173 0
4 R 0 32 125 180 0
5 R 0 34 48 94 0
6 R 0 21 37 0
7 R 0 159 0
8 R 0 178 0
9 R 0 181 0
10 R 0 165 0
11 R 0 176 0
12 R 0 -191 0
13 R 0 -144 0
14 R 0 -66 -108 -24 -162 0
15 R 0 -54 -85 0
16 R 0 -153 0
17 R 0 -99 -12 0
18 R 0 -166 0
19 R 0 -88 -184 -93 0
20 R 0 -15 0
21 R 0 -161 0
22 R 0 -182 -6 -71 0
DAY = 11
1 R 0 36 0
2 R 0 7 0
3 R 0 100 0
4 R 0 65 0
5 R 0 1 0
6 R 0 76 0
7 R 0 123 0
8 R 0 70 0
9 R 0 98 0
10 R 0 140 0
11 R 0 118 0
12 R 0 90 91 112 0
13 R 0 -154 0
14 R 0 -84 -136 -138 0
15 R 0 -47 0
16 R 0 -41 -180 0
17 R 0 -196 0
18 R 0 -72 -94 0
19 R 0 -5 0
20 R 0 -23 0
21 R 0 -192 0
22 R 0 -165 0
23 R 0 -4 0
24 R 0 -176 0
25 R 0 -167 0
DAY = 12
1 R 0 51 17 133 0
2 R 0 142 96 0
3 R 0 42 0
4 R 0 -36 0
5 R 0 -82 0
6 R 0 -92 -61 -119 0
7 R 0 -103 0
8 R 0 -173 -124 -32 -125 0
9 R 0 -1 0
10 R 0 -76 0
11 R 0 -70 0
12 R 0 -19 0
13 R 0 -58 -27 -34 0
14 R 0 -98 0
15 R 0 -140 0
16 R 0 -48 -21 0
17 R 0 -118 0
18 R 0 -37 0
19 R 0 -159 0
20 R 0 -20 -22 0
