DATASET = co2020 case challenge part
NAME = vehicle days over tools over vehicles over distance with 100 requests over 10 days
DAY = 1
1 R 0 54 86 0
2 R 0 10 76 23 0
3 R 0 77 42 0
4 R 0 40 0
DAY = 2
1 R 0 69 6 63 0
2 R 0 88 51 21 0
3 R 0 71 3 13 49 0
4 R 0 55 78 62 0
5 R 0 92 100 31 48 0
6 R 0 97 19 0
7 R 0 58 99 90 0
8 R 0 94 0
9 R 0 79 50 0
10 R 0 67 7 66 0
11 R 0 1 52 25 0
DAY = 3
1 R 0 37 33 15 0
2 R 0 20 83 98 0
3 R 0 65 93 35 0
4 R 0 18 68 80 34 0
5 R 0 -54 -51 -63 0
6 R 0 -31 -76 -48 -78 -10 0
7 R 0 -99 -42 0
8 R 0 -7 -25 0
DAY = 4
1 R 0 95 61 30 28 0
2 R 0 82 36 47 0
3 R 0 44 26 0
4 R 0 87 24 0
5 R 0 43 72 60 0
6 R 0 17 0
7 R 0 27 2 0
8 R 0 9 89 0
9 R 0 -69 -86 0
10 R 0 -23 -49 -83 0
11 R 0 -92 -93 0
12 R 0 -97 -77 0
13 R 0 -35 -58 -94 0
14 R 0 -40 0
15 R 0 -79 -50 0
16 R 0 -52 -66 -34 0
DAY = 5
1 R 0 32 96 0
2 R 0 45 39 0
3 R 0 53 57 85 0
4 R 0 64 81 12 0
5 R 0 38 91 0
6 R 0 14 0
7 R 0 -88 -21 -6 0
8 R 0 -15 -98 0
9 R 0 -13 -62 -71 -3 0
10 R 0 -55 -100 -26 0
11 R 0 -27 -19 -90 0
12 R 0 -68 -1 -89 -67 0
DAY = 6
1 R 0 29 70 5 0
2 R 0 8 4 0
3 R 0 74 22 46 41 0
4 R 0 -96 -61 -30 -28 0
5 R 0 -33 -85 -37 0
6 R 0 -87 -20 0
7 R 0 -12 -64 0
8 R 0 -38 -60 0
9 R 0 -91 -65 0
10 R 0 -17 -80 0
11 R 0 -18 0
DAY = 7
1 R 0 84 11 0
2 R 0 16 56 0
3 R 0 59 0
4 R 0 -32 -95 0
5 R 0 -45 -39 0
6 R 0 -5 -36 -82 0
7 R 0 -44 -47 -57 0
8 R 0 -4 0
9 R 0 -53 -46 0
10 R 0 -72 -24 -43 -74 0
11 R 0 -41 -2 -9 0
DAY = 8
1 R 0 73 75 0
2 R 0 -29 -56 -84 0
3 R 0 -14 -81 -22 0
DAY = 9
1 R 0 -11 -73 0
2 R 0 -70 -16 -75 0
3 R 0 -8 -59 0
