DATASET = co2020 case challenge part
NAME = tools over vehicle days over vehicles over distance with 500 requests over 25 days
DAY = 1
1 R 0 496 213 185 114 48 401 92 0
2 R 0 323 450 414 10 81 0
3 R 0 339 90 242 68 117 103 0
4 R 0 210 458 480 39 403 0
5 R 0 275 438 466 110 394 0
6 R 0 410 0
DAY = 2
1 R 0 448 160 492 431 106 3 0
2 R 0 57 493 498 342 224 383 181 389 187 0
3 R 0 5 428 34 415 14 0
4 R 0 265 70 279 0
5 R 0 -401 -48 -496 -81 -10 -339 0
6 R 0 -410 -210 -458 -438 -480 0
DAY = 3
1 R 0 283 425 334 484 478 0
2 R 0 130 238 188 129 215 363 0
3 R 0 346 135 329 377 26 0
4 R 0 391 0
5 R 0 -106 -431 -160 -185 -181 -450 -213 -114 0
6 R 0 -394 -428 -275 -498 -39 -117 -90 0
7 R 0 -265 0
DAY = 4
1 R 0 247 107 211 157 343 304 0
2 R 0 50 322 24 467 204 0
3 R 0 310 418 253 97 336 179 470 0
4 R 0 146 381 1 145 0
5 R 0 -448 -187 -92 0
6 R 0 -323 -383 -414 -363 -484 0
7 R 0 -403 -103 -242 -68 -342 0
8 R 0 -14 -415 -34 -135 -466 0
9 R 0 -377 -110 -279 0
DAY = 5
1 R 0 281 435 121 118 495 446 0
2 R 0 95 455 194 161 257 295 278 0
3 R 0 337 482 128 299 222 393 398 0
4 R 0 2 40 59 390 93 19 0
5 R 0 89 140 0
6 R 0 -3 -425 -492 -389 -493 -57 0
7 R 0 -310 -238 -467 -224 -188 -346 0
8 R 0 -5 -97 -336 -179 -329 -70 -26 0
9 R 0 -146 -391 0
DAY = 6
1 R 0 184 189 9 499 104 17 72 0
2 R 0 488 251 359 113 172 0
3 R 0 174 333 120 375 232 149 0
4 R 0 419 297 490 311 0
5 R 0 27 0
6 R 0 -157 -334 -495 -446 -283 -247 0
7 R 0 -281 -343 -398 -478 -222 -215 -322 0
8 R 0 -2 -140 -40 -129 -418 -130 0
DAY = 7
1 R 0 262 4 280 237 452 0
2 R 0 371 340 23 372 131 0
3 R 0 354 293 192 250 136 0
4 R 0 178 378 294 288 29 479 463 0
5 R 0 -211 -107 -121 -435 -278 -304 0
6 R 0 -50 -95 -72 -455 -194 -393 -128 0
7 R 0 -253 -251 -359 -24 -204 0
8 R 0 -375 -93 -19 -120 -174 0
9 R 0 -333 -390 -470 -145 -1 -59 -381 0
10 R 0 -490 -27 0
DAY = 8
1 R 0 88 260 407 78 203 442 0
2 R 0 429 373 13 485 45 387 218 0
3 R 0 173 65 468 58 158 202 0
4 R 0 270 165 411 221 108 51 306 142 0
5 R 0 344 417 284 439 434 0
6 R 0 -4 -118 -295 -257 -104 -17 0
7 R 0 -9 -23 -161 -299 -482 -488 0
8 R 0 -311 -297 -479 -192 -149 -337 0
9 R 0 -89 0
DAY = 9
1 R 0 433 445 41 236 285 456 0
2 R 0 12 272 273 483 69 409 426 0
3 R 0 49 469 225 11 408 300 0
4 R 0 274 486 494 0
5 R 0 -260 -280 -78 -373 -499 -340 -452 0
6 R 0 -218 -172 -184 -113 -372 -189 0
7 R 0 -468 -354 -108 -306 -232 0
8 R 0 -344 -419 -288 -411 -270 -136 0
DAY = 10
1 R 0 223 62 98 271 345 199 0
2 R 0 258 141 230 234 326 0
3 R 0 413 296 316 481 168 77 0
4 R 0 451 123 309 0
5 R 0 -262 -88 -445 -285 -429 -426 0
6 R 0 -409 -237 -13 -485 -483 -371 0
7 R 0 -273 -131 -58 -272 -202 0
8 R 0 -142 -173 -51 -293 -11 0
9 R 0 -49 -294 -225 -29 -250 -463 0
10 R 0 -434 -178 -378 -284 -494 0
11 R 0 -417 0
DAY = 11
1 R 0 461 197 119 16 453 350 183 0
2 R 0 289 457 43 53 444 0
3 R 0 38 96 132 437 360 358 0
4 R 0 312 475 36 235 219 102 0
5 R 0 33 208 0
6 R 0 -442 -98 -203 -407 -433 0
7 R 0 -271 -456 -69 -45 -387 -12 0
8 R 0 -326 -300 -65 -158 -345 -258 0
9 R 0 -451 -165 -221 -296 -486 -439 0
10 R 0 -123 0
DAY = 12
1 R 0 216 287 162 361 302 0
2 R 0 447 75 138 164 44 79 318 0
3 R 0 441 491 239 324 379 0
4 R 0 255 167 112 252 276 0
5 R 0 362 220 396 412 454 0
6 R 0 -62 -197 -41 -236 -16 -453 0
7 R 0 -230 -408 -141 -43 -53 -119 0
8 R 0 -36 -235 -469 -208 -274 0
DAY = 13
1 R 0 321 171 335 382 392 0
2 R 0 105 347 229 330 64 169 0
3 R 0 150 83 464 423 0
4 R 0 331 249 500 86 148 440 395 449 0
5 R 0 267 0
6 R 0 -223 -287 -461 -361 -350 -199 0
7 R 0 -38 -79 -437 -491 -318 -234 -358 0
8 R 0 -168 -481 -239 -324 -360 0
9 R 0 -77 -252 -316 -112 -362 -413 0
10 R 0 -454 -309 -33 -312 0
DAY = 14
1 R 0 376 367 28 31 207 473 212 0
2 R 0 421 472 248 404 133 156 341 0
3 R 0 397 317 186 325 0
4 R 0 109 0
5 R 0 -183 -75 -171 -321 -392 -216 0
6 R 0 -289 -229 -444 -457 -96 -132 -500 0
7 R 0 -255 -102 -86 -219 -220 -475 -395 0
8 R 0 -396 0
DAY = 15
1 R 0 125 462 115 37 6 254 0
2 R 0 54 193 151 263 52 0
3 R 0 73 427 348 277 0
4 R 0 264 18 122 0
5 R 0 291 63 163 241 474 0
6 R 0 -105 -347 -335 -162 -376 -382 0
7 R 0 -447 -169 -44 -164 -138 -302 0
8 R 0 -379 -441 -464 0
9 R 0 -276 -248 -167 -412 -449 0
10 R 0 -109 -325 0
DAY = 16
1 R 0 177 292 298 286 0
2 R 0 154 190 269 91 399 124 402 0
3 R 0 76 127 266 61 368 66 0
4 R 0 74 201 7 406 0
5 R 0 -367 -52 -28 -115 -6 0
6 R 0 -151 -330 -31 -64 -193 0
7 R 0 -133 -404 -83 -18 -423 -427 -73 0
8 R 0 -150 -331 -249 -156 -241 -148 -440 -397 0
9 R 0 -267 0
DAY = 17
1 R 0 101 261 332 25 159 355 366 147 0
2 R 0 205 459 231 195 22 0
3 R 0 315 328 301 56 290 176 305 0
4 R 0 352 268 21 313 384 196 0
5 R 0 206 0
6 R 0 -125 -286 -254 -37 -263 -462 -212 0
7 R 0 -269 -76 -266 -207 -473 -154 -341 0
8 R 0 -474 -122 -472 -61 -66 0
9 R 0 -163 -421 -317 -63 -186 0
DAY = 18
1 R 0 420 170 55 307 67 471 0
2 R 0 152 497 388 432 228 303 0
3 R 0 245 15 338 0
4 R 0 443 99 100 256 243 364 0
5 R 0 -366 -54 -399 -124 -177 0
6 R 0 -355 -91 -277 -459 -22 0
7 R 0 -176 -127 -348 -190 -195 0
8 R 0 -328 -56 -7 -368 -264 0
9 R 0 -291 -384 -201 0
DAY = 19
1 R 0 405 226 198 233 166 400 143 85 0
2 R 0 144 82 227 8 209 214 84 0
3 R 0 385 153 319 370 217 126 182 351 0
4 R 0 489 134 416 422 0
5 R 0 -402 -332 -25 -298 -292 0
6 R 0 -147 -231 -307 -497 -152 0
7 R 0 -290 -338 0
8 R 0 -196 -74 -268 -99 -21 -243 -406 0
DAY = 20
1 R 0 349 200 32 460 94 327 465 0
2 R 0 487 180 80 20 259 0
3 R 0 35 476 60 320 374 380 71 0
4 R 0 191 477 111 244 240 46 0
5 R 0 -143 -159 -67 -420 -166 -233 -198 -261 -101 0
6 R 0 -471 -214 -205 -8 -209 0
7 R 0 -15 -388 -82 -144 -305 0
8 R 0 -315 -134 -351 -301 -364 0
9 R 0 -352 -313 -422 -206 0
DAY = 21
1 R 0 116 47 430 30 155 0
2 R 0 357 175 42 314 436 369 386 0
3 R 0 -349 -405 -200 -226 -460 -170 -327 0
4 R 0 -432 -228 -303 -227 -80 -55 -400 0
5 R 0 -46 -245 -217 -319 -60 -153 0
6 R 0 -244 -256 -100 -443 0
DAY = 22
1 R 0 353 365 137 282 0
2 R 0 139 356 424 0
3 R 0 -155 -32 -85 -47 -465 0
4 R 0 -84 -259 -180 -487 0
5 R 0 -35 -476 -430 -20 -357 0
6 R 0 -385 -370 -380 -71 -240 0
7 R 0 -191 -489 -111 -416 -126 -182 0
DAY = 23
1 R 0 308 0
2 R 0 246 87 0
3 R 0 -116 -94 -30 -282 0
4 R 0 -386 -369 -477 -436 -314 -175 -356 -320 -374 -353 0
DAY = 24
1 R 0 -308 -137 0
2 R 0 -87 -365 0
3 R 0 -424 -42 -139 0
4 R 0 -246 0
