DATASET = co2020 case challenge part
NAME = tools over vehicles over vehicle days over distance with 300 requests over 20 days
DAY = 1
1 R 0 166 190 0
2 R 0 281 16 0
3 R 0 36 292 0
4 R 0 11 0
5 R 0 179 0
6 R 0 68 0
7 R 0 196 0
8 R 0 28 0
9 R 0 271 0
10 R 0 32 159 127 0
11 R 0 94 148 13 250 0
12 R 0 109 0
13 R 0 239 0
14 R 0 19 0
15 R 0 291 184 0
DAY = 2
1 R 0 192 71 0
2 R 0 124 0
3 R 0 220 121 104 0
4 R 0 200 0
5 R 0 78 27 0
6 R 0 287 288 0
7 R 0 97 114 0
8 R 0 -16 -11 0
9 R 0 -68 0
10 R 0 -94 -13 -250 0
11 R 0 -109 0
12 R 0 -239 0
DAY = 3
1 R 0 245 0
2 R 0 279 224 0
3 R 0 150 139 0
4 R 0 226 0
5 R 0 75 0
6 R 0 15 126 0
7 R 0 266 0
8 R 0 213 0
9 R 0 205 189 0
10 R 0 -192 -190 0
11 R 0 -292 0
12 R 0 -200 0
13 R 0 -78 -287 0
14 R 0 -179 0
15 R 0 -196 0
16 R 0 -28 0
17 R 0 -271 0
18 R 0 -291 -127 -148 0
DAY = 4
1 R 0 96 300 0
2 R 0 232 231 0
3 R 0 102 0
4 R 0 286 0
5 R 0 230 0
6 R 0 76 54 0
7 R 0 277 0
8 R 0 70 0
9 R 0 55 0
10 R 0 69 0
11 R 0 37 214 0
12 R 0 193 289 238 0
13 R 0 -245 0
14 R 0 -166 -220 0
15 R 0 -281 -36 0
16 R 0 -27 0
17 R 0 -126 -139 -15 0
18 R 0 -32 -97 -159 0
19 R 0 -19 0
20 R 0 -184 0
DAY = 5
1 R 0 270 80 0
2 R 0 228 0
3 R 0 186 294 0
4 R 0 47 0
5 R 0 207 14 74 0
6 R 0 72 18 0
7 R 0 264 129 206 0
8 R 0 26 0
9 R 0 7 0
10 R 0 29 0
11 R 0 195 0
12 R 0 208 0
13 R 0 260 197 0
14 R 0 -71 -300 0
15 R 0 -124 -104 0
16 R 0 -121 -288 0
17 R 0 -75 0
18 R 0 -277 0
19 R 0 -266 0
20 R 0 -114 0
DAY = 6
1 R 0 73 282 0
2 R 0 24 20 0
3 R 0 4 0
4 R 0 180 83 0
5 R 0 44 0
6 R 0 210 59 0
7 R 0 158 154 0
8 R 0 181 248 43 183 0
9 R 0 117 191 165 0
10 R 0 261 0
11 R 0 -279 -224 0
12 R 0 -150 -232 0
13 R 0 -14 -207 0
14 R 0 -76 -206 0
15 R 0 -226 0
16 R 0 -55 0
17 R 0 -69 0
18 R 0 -26 0
19 R 0 -37 -213 0
20 R 0 -205 -29 0
21 R 0 -208 -193 0
22 R 0 -189 -197 0
DAY = 7
1 R 0 34 0
2 R 0 10 268 0
3 R 0 91 17 0
4 R 0 283 58 0
5 R 0 82 112 0
6 R 0 198 269 144 0
7 R 0 93 0
8 R 0 136 234 0
9 R 0 45 0
10 R 0 265 0
11 R 0 233 152 62 0
12 R 0 110 0
13 R 0 -270 -228 0
14 R 0 -96 -73 0
15 R 0 -294 0
16 R 0 -231 -47 0
17 R 0 -102 0
18 R 0 -286 -20 0
19 R 0 -4 0
20 R 0 -74 -230 0
21 R 0 -72 -18 0
22 R 0 -54 0
23 R 0 -70 0
24 R 0 -154 -264 -59 -183 0
25 R 0 -7 0
26 R 0 -214 -238 0
27 R 0 -289 -195 0
28 R 0 -260 0
DAY = 8
1 R 0 175 30 0
2 R 0 33 0
3 R 0 84 0
4 R 0 164 0
5 R 0 88 0
6 R 0 216 225 0
7 R 0 293 262 146 0
8 R 0 229 254 0
9 R 0 273 119 0
10 R 0 133 0
11 R 0 145 170 0
12 R 0 219 90 0
13 R 0 202 0
14 R 0 201 178 0
15 R 0 50 89 0
16 R 0 53 0
17 R 0 236 0
18 R 0 -282 -186 -80 0
19 R 0 -17 0
20 R 0 -180 -24 -144 0
21 R 0 -83 -210 0
22 R 0 -136 -158 0
23 R 0 -129 -43 -248 0
24 R 0 -265 0
25 R 0 -191 0
DAY = 9
1 R 0 49 194 0
2 R 0 123 0
3 R 0 5 0
4 R 0 9 0
5 R 0 211 0
6 R 0 280 77 0
7 R 0 51 0
8 R 0 131 0
9 R 0 -10 -268 0
10 R 0 -91 -33 0
11 R 0 -283 -82 0
12 R 0 -88 0
13 R 0 -216 -225 0
14 R 0 -269 -198 0
15 R 0 -44 0
16 R 0 -133 0
17 R 0 -202 0
18 R 0 -181 -234 0
19 R 0 -45 -201 0
20 R 0 -178 0
21 R 0 -165 -117 -89 0
22 R 0 -261 0
DAY = 10
1 R 0 156 0
2 R 0 111 63 0
3 R 0 278 0
4 R 0 171 297 0
5 R 0 41 81 0
6 R 0 255 0
7 R 0 163 0
8 R 0 276 0
9 R 0 240 0
10 R 0 46 138 0
11 R 0 42 0
12 R 0 215 227 0
13 R 0 172 87 162 0
14 R 0 -34 0
15 R 0 -194 0
16 R 0 -175 -9 0
17 R 0 -58 -164 0
18 R 0 -112 -262 -293 0
19 R 0 -93 0
20 R 0 -119 -145 0
21 R 0 -170 -219 0
22 R 0 -62 -53 0
23 R 0 -233 -152 0
24 R 0 -110 0
25 R 0 -131 0
26 R 0 -236 0
DAY = 11
1 R 0 169 0
2 R 0 246 39 0
3 R 0 106 0
4 R 0 107 0
5 R 0 249 113 0
6 R 0 223 0
7 R 0 40 0
8 R 0 222 182 0
9 R 0 251 0
10 R 0 100 0
11 R 0 185 64 0
12 R 0 257 66 0
13 R 0 52 0
14 R 0 8 0
15 R 0 177 0
16 R 0 274 0
17 R 0 -5 -30 -49 0
18 R 0 -63 -84 0
19 R 0 -211 0
20 R 0 -81 -146 -229 0
21 R 0 -254 -273 0
22 R 0 -240 0
23 R 0 -90 -51 0
24 R 0 -50 -215 0
DAY = 12
1 R 0 188 86 0
2 R 0 263 155 125 0
3 R 0 98 0
4 R 0 243 142 0
5 R 0 105 79 0
6 R 0 57 0
7 R 0 285 0
8 R 0 147 0
9 R 0 -156 0
10 R 0 -123 0
11 R 0 -278 0
12 R 0 -171 -297 0
13 R 0 -41 -280 0
14 R 0 -77 0
15 R 0 -255 0
16 R 0 -113 0
17 R 0 -40 0
18 R 0 -276 -182 0
19 R 0 -138 0
20 R 0 -251 0
21 R 0 -42 0
22 R 0 -66 -52 0
23 R 0 -8 -87 -162 0
DAY = 13
1 R 0 116 56 130 0
2 R 0 167 134 0
3 R 0 253 0
4 R 0 212 0
5 R 0 122 101 157 0
6 R 0 221 115 0
7 R 0 252 218 0
8 R 0 241 298 0
9 R 0 267 25 0
10 R 0 99 0
11 R 0 161 0
12 R 0 -188 -111 0
13 R 0 -86 0
14 R 0 -106 0
15 R 0 -107 0
16 R 0 -249 0
17 R 0 -223 0
18 R 0 -163 0
19 R 0 -222 -46 0
20 R 0 -100 0
21 R 0 -185 -64 0
22 R 0 -257 0
23 R 0 -227 0
24 R 0 -172 -274 0
DAY = 14
1 R 0 103 21 160 0
2 R 0 6 0
3 R 0 199 0
4 R 0 259 174 0
5 R 0 118 23 0
6 R 0 209 153 0
7 R 0 258 296 0
8 R 0 22 60 0
9 R 0 3 0
10 R 0 235 31 0
11 R 0 237 12 0
12 R 0 141 0
13 R 0 -263 -130 0
14 R 0 -169 0
15 R 0 -246 -39 0
16 R 0 -98 0
17 R 0 -243 0
18 R 0 -212 0
19 R 0 -105 -252 -122 0
20 R 0 -218 0
21 R 0 -285 0
22 R 0 -177 0
23 R 0 -147 0
DAY = 15
1 R 0 176 284 0
2 R 0 140 0
3 R 0 151 135 295 95 0
4 R 0 61 0
5 R 0 65 0
6 R 0 128 0
7 R 0 143 247 0
8 R 0 132 0
9 R 0 204 48 244 0
10 R 0 92 0
11 R 0 -160 -56 0
12 R 0 -6 -125 0
13 R 0 -174 0
14 R 0 -23 0
15 R 0 -134 0
16 R 0 -253 0
17 R 0 -157 -155 -153 0
18 R 0 -142 -79 0
19 R 0 -221 -22 0
20 R 0 -241 0
21 R 0 -57 0
22 R 0 -267 -237 0
23 R 0 -99 0
DAY = 16
1 R 0 149 0
2 R 0 168 67 85 0
3 R 0 173 2 35 0
4 R 0 256 0
5 R 0 137 203 38 0
6 R 0 242 0
7 R 0 -199 0
8 R 0 -259 -116 0
9 R 0 -209 -118 -167 0
10 R 0 -95 -101 -258 0
11 R 0 -115 -65 0
12 R 0 -247 0
13 R 0 -31 -25 -298 -60 0
14 R 0 -161 0
15 R 0 -12 0
16 R 0 -92 0
DAY = 17
1 R 0 275 1 0
2 R 0 290 108 0
3 R 0 299 217 0
4 R 0 272 0
5 R 0 -168 -103 -21 0
6 R 0 -284 0
7 R 0 -140 0
8 R 0 -35 -296 0
9 R 0 -135 -256 0
10 R 0 -132 -143 -38 0
11 R 0 -3 0
12 R 0 -204 -235 0
13 R 0 -48 -141 0
DAY = 18
1 R 0 120 187 0
2 R 0 -176 -149 0
3 R 0 -85 -67 -275 0
4 R 0 -1 0
5 R 0 -2 -290 -151 -295 0
6 R 0 -108 0
7 R 0 -61 0
8 R 0 -299 0
9 R 0 -128 0
10 R 0 -217 -137 -244 0
11 R 0 -242 0
DAY = 19
1 R 0 -120 -187 0
2 R 0 -173 -203 0
3 R 0 -272 0
